reading fom    state /home/fnrizzi/romAccuracyT4/fom_mesh512x2048_nThreads_36_dt_0.1_T_2000.0_snaps_true_seismo_true_mat_prem_fRank_1_test_9/finalFomState_vp_0
reading approx state /home/fnrizzi/romAccuracyT4/rom_mesh512x2048_nThreads_18_dt_0.1_T_2000.0_snaps_true_mat_prem_fRank_14_nPod_342_342/finalFomState_vp_9
 vp_fom_minmax    = -4.178010993194785e-08 3.1759270330385817e-08
 vp_approx_minmax = -4.204048842065843e-08 3.1637683932644496e-08
 vp_err_minmax    = -7.207367736874996e-10 1.9231980579669536e-09
 vp_err_abs_rel_ltwo_norms = 3.3401983038986413e-08 0.028960505115377372
 vp_err_abs_rel_linf_norms = 1.9231980579669536e-09 0.04603142646344137
