reading fom    state /home/fnrizzi/waveRuns/romAccuracyScenario2/train2/fom_mesh512x2048_nThreads_36_dt_0.1_T_2000_snaps_true_seismo_true_mat_prem_fRank_1_test_0/state_timestep_20000_sp
reading approx state /home/fnrizzi/waveRuns/romAccuracyScenario2/train2/rom_mesh512x2048_nThreads_18_dt_0.1_T_2000_snaps_true_mat_prem_fRank_14_nPod_311_311/fomReconstructedState_timestep_20000_f_0_sp
 sp_fom_minmax    = -0.8303701152900599 0.9035025046754709
 sp_approx_minmax = -0.8618826140698005 0.9208787875453529
 sp_err_minmax    = -0.22617269135178908 0.1259056487616577
 sp_err_abs_rel_ltwo_norms = 4.661422378139387 0.17473031609877818
 sp_err_abs_rel_linf_norms = 0.22617269135178908 0.25032879287150184
