reading fom    state /home/fnrizzi/waveRuns/romAccuracyScenario2/train2/fom_mesh512x2048_nThreads_36_dt_0.1_T_2000_snaps_true_seismo_true_mat_prem_fRank_1_test_5/state_timestep_20000_sp
reading approx state /home/fnrizzi/waveRuns/romAccuracyScenario2/train2/rom_mesh512x2048_nThreads_18_dt_0.1_T_2000_snaps_true_mat_prem_fRank_14_nPod_311_311/fomReconstructedState_timestep_20000_f_5_sp
 sp_fom_minmax    = -1.5911772184743067 1.5017164637347515
 sp_approx_minmax = -1.5885106287072444 1.517196499256285
 sp_err_minmax    = -0.3363094767114302 0.4823470214530061
 sp_err_abs_rel_ltwo_norms = 5.40885958195907 0.13770547634856684
 sp_err_abs_rel_linf_norms = 0.4823470214530061 0.3031384661951749
