reading fom    state /home/fnrizzi/waveRuns/romAccuracyScenario2/train2/fom_mesh512x2048_nThreads_36_dt_0.1_T_2000_snaps_true_seismo_true_mat_prem_fRank_1_test_0/state_timestep_20000_vp
reading approx state /home/fnrizzi/waveRuns/romAccuracyScenario2/train2/rom_mesh512x2048_nThreads_18_dt_0.1_T_2000_snaps_true_mat_prem_fRank_14_nPod_311_311/fomReconstructedState_timestep_20000_f_0_vp
 vp_fom_minmax    = -6.211123254338066e-08 5.62863979675722e-08
 vp_approx_minmax = -6.155687521012518e-08 5.4897226715566894e-08
 vp_err_minmax    = -9.308506120110194e-09 1.9709824966790872e-08
 vp_err_abs_rel_ltwo_norms = 2.5767677406707666e-07 0.1650869422299817
 vp_err_abs_rel_linf_norms = 1.9709824966790872e-08 0.31733108746513505
