reading fom    state /home/fnrizzi/waveRuns/romAccuracyScenario1/train3_v2//fom_mesh256x1024_nThreads_36_dt_0.1_T_2000_snaps_true_seismo_true_mat_bilayer_fRank_1_test_11/state_timestep_20000_sp
reading approx state /home/fnrizzi/waveRuns/romAccuracyScenario1/train3_v2//rom_mesh256x1024_nThreads_18_dt_0.1_T_2000_snaps_true_mat_bilayer_fRank_1_nPod_2227_2227_test_11/fomReconstructedState_timestep_20000_sp
 sp_fom_minmax    = -0.008419269717898732 0.0056689331623171885
 sp_approx_minmax = -0.01894135417645636 0.04461253147986165
 sp_err_minmax    = -0.04460617975423311 0.01895974736730225
 sp_err_abs_rel_ltwo_norms = 0.08784238551578692 0.23919716230656876
 sp_err_abs_rel_linf_norms = 0.04460617975423311 5.298105566021212
