reading fom    state /home/fnrizzi/waveRuns/romAccuracyScenario1/train3/fom_mesh256x1024_nThreads_36_dt_0.1_T_2000_snaps_true_seismo_true_mat_bilayer_fRank_1_test_13/state_timestep_20000_sp
reading approx state /home/fnrizzi/waveRuns/romAccuracyScenario1/train3/rom_mesh256x1024_nThreads_18_dt_0.1_T_2000_snaps_true_mat_bilayer_fRank_1_nPod_1819_1819_test_13/fomReconstructedState_timestep_20000_sp
 sp_fom_minmax    = -0.008938410068311729 0.006394079050391816
 sp_approx_minmax = -7.068499686279876 15.7351989792641
 sp_err_minmax    = -15.735191327958853 7.068501827914003
 sp_err_abs_rel_ltwo_norms = 25.179961809954317 67.0195990070387
 sp_err_abs_rel_linf_norms = 15.735191327958853 1760.4015935387588
