reading fom    state /home/fnrizzi/romAccuracyT4/fom_mesh512x2048_nThreads_36_dt_0.1_T_2000.0_snaps_true_seismo_true_mat_prem_fRank_1_test_0/finalFomState_sp_0
reading approx state /home/fnrizzi/romAccuracyT4/rom_mesh512x2048_nThreads_18_dt_0.1_T_2000.0_snaps_true_mat_prem_fRank_14_nPod_393_393/finalFomState_sp_0
 sp_fom_minmax    = -0.8303701152900599 0.9035025046754709
 sp_approx_minmax = -0.8301486357444944 0.903978264428851
 sp_err_minmax    = -0.006097772192945272 0.0042484487788579765
 sp_err_abs_rel_ltwo_norms = 0.2602320683425191 0.0097546259214289
 sp_err_abs_rel_linf_norms = 0.006097772192945272 0.006749037397672219
