reading fom    state /home/fnrizzi/waveRuns/romAccuracyScenario1/train3/fom_mesh256x1024_nThreads_36_dt_0.1_T_2000_snaps_true_seismo_true_mat_bilayer_fRank_1_test_10/state_timestep_20000_vp
reading approx state /home/fnrizzi/waveRuns/romAccuracyScenario1/train3/rom_mesh256x1024_nThreads_18_dt_0.1_T_2000_snaps_true_mat_bilayer_fRank_1_nPod_2133_2133_test_10/fomReconstructedState_timestep_20000_vp
 vp_fom_minmax    = -3.8750666631686675e-10 4.688368332535315e-10
 vp_approx_minmax = -3.312868400071736e-10 4.0454879313341827e-10
 vp_err_minmax    = -1.8894090119537447e-10 1.8186013787691154e-10
 vp_err_abs_rel_ltwo_norms = 9.526038595079031e-09 0.6159095100157131
 vp_err_abs_rel_linf_norms = 1.8894090119537447e-10 0.40299926924299795
