reading fom    state /home/fnrizzi/waveRuns/romAccuracyScenario1/train3_v2//fom_mesh256x1024_nThreads_36_dt_0.1_T_2000_snaps_true_seismo_true_mat_bilayer_fRank_1_test_14/state_timestep_20000_sp
reading approx state /home/fnrizzi/waveRuns/romAccuracyScenario1/train3_v2//rom_mesh256x1024_nThreads_18_dt_0.1_T_2000_snaps_true_mat_bilayer_fRank_1_nPod_28_28_test_14/fomReconstructedState_timestep_20000_sp
 sp_fom_minmax    = -0.009317773022010752 0.006890094461210206
 sp_approx_minmax = -0.08452401064760108 0.08264350268395818
 sp_err_minmax    = -0.08263401720471532 0.08451204773227229
 sp_err_abs_rel_ltwo_norms = 0.8821068231149926 2.333265081857664
 sp_err_abs_rel_linf_norms = 0.08451204773227229 9.069983517803571
