reading fom    state /home/fnrizzi/waveRuns/romAccuracyScenario2/train2//fom_mesh512x2048_nThreads_36_dt_0.1_T_2000_snaps_true_seismo_true_mat_prem_fRank_1_test_7/state_timestep_20000_sp
reading approx state /home/fnrizzi/waveRuns/romAccuracyScenario2/train2//rom_mesh512x2048_nThreads_18_dt_0.1_T_2000_snaps_true_mat_prem_fRank_14_nPod_170_170/fomReconstructedState_timestep_20000_f_7_sp
 sp_fom_minmax    = -1.358115975068079 1.3459612899400317
 sp_approx_minmax = -0.9806096056131149 1.7691061555113163
 sp_err_minmax    = -1.7691067572669066 0.9650207623005277
 sp_err_abs_rel_ltwo_norms = 40.355348210992034 1.157351561173191
 sp_err_abs_rel_linf_norms = 1.7691067572669066 1.302618325491846
