reading fom    state /home/fnrizzi/waveRuns/romAccuracyScenario2/train2//fom_mesh512x2048_nThreads_36_dt_0.1_T_2000_snaps_true_seismo_true_mat_prem_fRank_1_test_1/state_timestep_20000_sp
reading approx state /home/fnrizzi/waveRuns/romAccuracyScenario2/train2//rom_mesh512x2048_nThreads_18_dt_0.1_T_2000_snaps_true_mat_prem_fRank_14_nPod_170_170/fomReconstructedState_timestep_20000_f_1_sp
 sp_fom_minmax    = -0.5333560753871908 0.5913344063462482
 sp_approx_minmax = -0.9368530801473607 1.2883769604449165
 sp_err_minmax    = -1.2883769051390639 0.9368534387211157
 sp_err_abs_rel_ltwo_norms = 39.7211282834172 1.793357323558497
 sp_err_abs_rel_linf_norms = 1.2883769051390639 2.1787619514645176
