reading fom    state /home/fnrizzi/waveRuns/romAccuracyScenario2/train2//fom_mesh512x2048_nThreads_36_dt_0.1_T_2000_snaps_true_seismo_true_mat_prem_fRank_1_test_5/state_timestep_20000_vp
reading approx state /home/fnrizzi/waveRuns/romAccuracyScenario2/train2//rom_mesh512x2048_nThreads_18_dt_0.1_T_2000_snaps_true_mat_prem_fRank_14_nPod_170_170/fomReconstructedState_timestep_20000_f_5_vp
 vp_fom_minmax    = -1.0764616464143212e-07 1.0947607022853834e-07
 vp_approx_minmax = -2.259047288182445e-07 1.3743152936185178e-07
 vp_err_minmax    = -1.3744887446920683e-07 2.2590733409887186e-07
 vp_err_abs_rel_ltwo_norms = 2.9415902519116758e-06 1.2874214754668185
 vp_err_abs_rel_linf_norms = 2.2590733409887186e-07 2.0635316341486845
