reading fom    state /home/fnrizzi/waveRuns/romAccuracyScenario2/train2//fom_mesh512x2048_nThreads_36_dt_0.1_T_2000_snaps_true_seismo_true_mat_prem_fRank_1_test_4/state_timestep_20000_vp
reading approx state /home/fnrizzi/waveRuns/romAccuracyScenario2/train2//rom_mesh512x2048_nThreads_18_dt_0.1_T_2000_snaps_true_mat_prem_fRank_14_nPod_170_170/fomReconstructedState_timestep_20000_f_4_vp
 vp_fom_minmax    = -8.389318122707831e-08 7.931851793649922e-08
 vp_approx_minmax = -1.0822956140252772e-07 8.65359792882774e-08
 vp_err_minmax    = -8.65521792479111e-08 1.0823135676315259e-07
 vp_err_abs_rel_ltwo_norms = 2.3409455241014393e-06 1.2643658327988692
 vp_err_abs_rel_linf_norms = 1.0823135676315259e-07 1.2901091027910456
