reading fom    state /home/fnrizzi/waveRuns/romAccuracyScenario2/train2/fom_mesh512x2048_nThreads_36_dt_0.1_T_2000_snaps_true_seismo_true_mat_prem_fRank_1_test_8/state_timestep_20000_sp
reading approx state /home/fnrizzi/waveRuns/romAccuracyScenario2/train2/rom_mesh512x2048_nThreads_18_dt_0.1_T_2000_snaps_true_mat_prem_fRank_14_nPod_170_170/fomReconstructedState_timestep_20000_f_8_sp
 sp_fom_minmax    = -1.5470657008854076 1.472142316594941
 sp_approx_minmax = -1.1700551709317424 2.1805979231913044
 sp_err_minmax    = -2.1805988023830185 1.1702033875675242
 sp_err_abs_rel_ltwo_norms = 46.52757888497789 1.2125583435008067
 sp_err_abs_rel_linf_norms = 2.1805988023830185 1.4095062679852775
