reading fom    state /home/fnrizzi/waveRuns/romAccuracyScenario2/train2//fom_mesh512x2048_nThreads_36_dt_0.1_T_2000_snaps_true_seismo_true_mat_prem_fRank_1_test_1/state_timestep_20000_vp
reading approx state /home/fnrizzi/waveRuns/romAccuracyScenario2/train2//rom_mesh512x2048_nThreads_18_dt_0.1_T_2000_snaps_true_mat_prem_fRank_14_nPod_170_170/fomReconstructedState_timestep_20000_f_1_vp
 vp_fom_minmax    = -4.797190215602297e-08 3.7522259867295666e-08
 vp_approx_minmax = -9.268072092598027e-08 7.092069092789004e-08
 vp_err_minmax    = -7.092911981831475e-08 9.267988166195228e-08
 vp_err_abs_rel_ltwo_norms = 2.317133701828317e-06 1.7978114028157468
 vp_err_abs_rel_linf_norms = 9.267988166195228e-08 1.9319617838067347
