reading fom    state /home/fnrizzi/waveRuns/romAccuracyScenario2/train2//fom_mesh512x2048_nThreads_36_dt_0.1_T_2000_snaps_true_seismo_true_mat_prem_fRank_1_test_12/state_timestep_20000_sp
reading approx state /home/fnrizzi/waveRuns/romAccuracyScenario2/train2//rom_mesh512x2048_nThreads_18_dt_0.1_T_2000_snaps_true_mat_prem_fRank_14_nPod_170_170/fomReconstructedState_timestep_20000_f_12_sp
 sp_fom_minmax    = -1.9181854392302928 1.7386659448612778
 sp_approx_minmax = -3.0666540020011666 4.511996727801305
 sp_err_minmax    = -4.511996952142951 3.066653982312072
 sp_err_abs_rel_ltwo_norms = 81.84241161988538 1.6945341899805246
 sp_err_abs_rel_linf_norms = 4.511996952142951 2.3522214588144683
