reading fom    state /home/fnrizzi/waveRuns/romAccuracyScenario2/train2//fom_mesh512x2048_nThreads_36_dt_0.1_T_2000_snaps_true_seismo_true_mat_prem_fRank_1_test_2/state_timestep_20000_vp
reading approx state /home/fnrizzi/waveRuns/romAccuracyScenario2/train2//rom_mesh512x2048_nThreads_18_dt_0.1_T_2000_snaps_true_mat_prem_fRank_14_nPod_170_170/fomReconstructedState_timestep_20000_f_2_vp
 vp_fom_minmax    = -4.792533511328501e-08 3.748258399512784e-08
 vp_approx_minmax = -9.264164618957469e-08 7.094922664664501e-08
 vp_err_minmax    = -7.095763714137252e-08 9.264080439905554e-08
 vp_err_abs_rel_ltwo_norms = 2.317066266660701e-06 1.7992230918405654
 vp_err_abs_rel_linf_norms = 9.264080439905554e-08 1.9330236122517024
