reading fom    state /home/fnrizzi/waveRuns/romAccuracyScenario2/train2//fom_mesh512x2048_nThreads_36_dt_0.1_T_2000_snaps_true_seismo_true_mat_prem_fRank_1_test_8/state_timestep_20000_vp
reading approx state /home/fnrizzi/waveRuns/romAccuracyScenario2/train2//rom_mesh512x2048_nThreads_18_dt_0.1_T_2000_snaps_true_mat_prem_fRank_14_nPod_170_170/fomReconstructedState_timestep_20000_f_8_vp
 vp_fom_minmax    = -1.0545110907453144e-07 1.0641232331090344e-07
 vp_approx_minmax = -1.8777414882107523e-07 1.3088785879573313e-07
 vp_err_minmax    = -1.3090518004604165e-07 1.8777654972798713e-07
 vp_err_abs_rel_ltwo_norms = 2.805012273901693e-06 1.256022506510514
 vp_err_abs_rel_linf_norms = 1.8777654972798713e-07 1.7646128181917704
