reading fom    state /home/fnrizzi/waveRuns/romAccuracyScenario2/train2//fom_mesh512x2048_nThreads_36_dt_0.1_T_2000_snaps_true_seismo_true_mat_prem_fRank_1_test_0/state_timestep_20000_vp
reading approx state /home/fnrizzi/waveRuns/romAccuracyScenario2/train2//rom_mesh512x2048_nThreads_18_dt_0.1_T_2000_snaps_true_mat_prem_fRank_14_nPod_170_170/fomReconstructedState_timestep_20000_f_0_vp
 vp_fom_minmax    = -6.211123254338066e-08 5.62863979675722e-08
 vp_approx_minmax = -1.0416378051613965e-07 6.89222804795052e-08
 vp_err_minmax    = -6.893504305380137e-08 1.0416415943395052e-07
 vp_err_abs_rel_ltwo_norms = 2.313261879564249e-06 1.482047932558451
 vp_err_abs_rel_linf_norms = 1.0416415943395052e-07 1.6770583221190887
