reading fom    state /home/fnrizzi/waveRuns/romAccuracyScenario2/train2//fom_mesh512x2048_nThreads_36_dt_0.1_T_2000_snaps_true_seismo_true_mat_prem_fRank_1_test_3/state_timestep_20000_sp
reading approx state /home/fnrizzi/waveRuns/romAccuracyScenario2/train2//rom_mesh512x2048_nThreads_18_dt_0.1_T_2000_snaps_true_mat_prem_fRank_14_nPod_170_170/fomReconstructedState_timestep_20000_f_3_sp
 sp_fom_minmax    = -0.4049200801282478 0.4145446855028664
 sp_approx_minmax = -1.0294100048718156 1.2905443500319909
 sp_err_minmax    = -1.2905441694353932 1.0294104501558397
 sp_err_abs_rel_ltwo_norms = 41.17623098315878 2.1013628134795237
 sp_err_abs_rel_linf_norms = 1.2905441694353932 3.1131605700598706
