reading fom    state /home/fnrizzi/waveRuns/romAccuracyScenario2/train2//fom_mesh512x2048_nThreads_36_dt_0.1_T_2000_snaps_true_seismo_true_mat_prem_fRank_1_test_4/state_timestep_20000_sp
reading approx state /home/fnrizzi/waveRuns/romAccuracyScenario2/train2//rom_mesh512x2048_nThreads_18_dt_0.1_T_2000_snaps_true_mat_prem_fRank_14_nPod_170_170/fomReconstructedState_timestep_20000_f_4_sp
 sp_fom_minmax    = -1.1636066741885316 1.1986252626742355
 sp_approx_minmax = -0.8350609771837076 1.5020647011197288
 sp_err_minmax    = -1.5020650744718627 0.835166108582053
 sp_err_abs_rel_ltwo_norms = 37.65659185847917 1.1885216927577056
 sp_err_abs_rel_linf_norms = 1.5020650744718627 1.2531565296067821
