reading fom    state /home/fnrizzi/waveRuns/romAccuracyScenario2/train2//fom_mesh512x2048_nThreads_36_dt_0.1_T_2000_snaps_true_seismo_true_mat_prem_fRank_1_test_5/state_timestep_20000_sp
reading approx state /home/fnrizzi/waveRuns/romAccuracyScenario2/train2//rom_mesh512x2048_nThreads_18_dt_0.1_T_2000_snaps_true_mat_prem_fRank_14_nPod_170_170/fomReconstructedState_timestep_20000_f_5_sp
 sp_fom_minmax    = -1.5911772184743067 1.5017164637347515
 sp_approx_minmax = -1.236158691040788 2.3062723896883206
 sp_err_minmax    = -2.306273343962928 1.2363098867271736
 sp_err_abs_rel_ltwo_norms = 48.706909567103445 1.2400410995648774
 sp_err_abs_rel_linf_norms = 2.306273343962928 1.4494132502564911
