reading fom    state /home/fnrizzi/waveRuns/romAccuracyScenario1/train3_v2//fom_mesh256x1024_nThreads_36_dt_0.1_T_2000_snaps_true_seismo_true_mat_bilayer_fRank_1_test_13/state_timestep_20000_sp
reading approx state /home/fnrizzi/waveRuns/romAccuracyScenario1/train3_v2//rom_mesh256x1024_nThreads_18_dt_0.1_T_2000_snaps_true_mat_bilayer_fRank_1_nPod_1117_1117_test_13/fomReconstructedState_timestep_20000_sp
 sp_fom_minmax    = -0.007890712083200184 0.00563839536579213
 sp_approx_minmax = -0.007904372258594916 0.005643249205488881
 sp_err_minmax    = -0.0007755309037828352 0.0015472347801957437
 sp_err_abs_rel_ltwo_norms = 0.01032103558532824 0.027877202743558763
 sp_err_abs_rel_linf_norms = 0.0015472347801957437 0.19608303583777978
