reading fom    state /home/fnrizzi/waveRuns/romAccuracyScenario1/train3_v2//fom_mesh256x1024_nThreads_36_dt_0.1_T_2000_snaps_true_seismo_true_mat_bilayer_fRank_1_test_3/state_timestep_20000_sp
reading approx state /home/fnrizzi/waveRuns/romAccuracyScenario1/train3_v2//rom_mesh256x1024_nThreads_18_dt_0.1_T_2000_snaps_true_mat_bilayer_fRank_1_nPod_1117_1117_test_3/fomReconstructedState_timestep_20000_sp
 sp_fom_minmax    = -0.008017887323481075 0.005703603903273843
 sp_approx_minmax = -0.008031283052207978 0.00572039436503034
 sp_err_minmax    = -0.001419537080719459 0.0016946776269015818
 sp_err_abs_rel_ltwo_norms = 0.010911513081535724 0.029429798121787292
 sp_err_abs_rel_linf_norms = 0.0016946776269015818 0.21136211554614545
