reading fom    state /home/fnrizzi/waveRuns/romAccuracyScenario1/train3_v2//fom_mesh256x1024_nThreads_36_dt_0.1_T_2000_snaps_true_seismo_true_mat_bilayer_fRank_1_test_3/state_timestep_20000_vp
reading approx state /home/fnrizzi/waveRuns/romAccuracyScenario1/train3_v2//rom_mesh256x1024_nThreads_18_dt_0.1_T_2000_snaps_true_mat_bilayer_fRank_1_nPod_1117_1117_test_3/fomReconstructedState_timestep_20000_vp
 vp_fom_minmax    = -2.19983787037272e-10 3.251192024404941e-10
 vp_approx_minmax = -2.1991427477707e-10 3.256079192300051e-10
 vp_err_minmax    = -2.2984192630398792e-11 1.0841473757807324e-10
 vp_err_abs_rel_ltwo_norms = 4.2586630288771555e-10 0.032009706039806296
 vp_err_abs_rel_linf_norms = 1.0841473757807324e-10 0.33346150200991637
