reading fom    state /home/fnrizzi/waveRuns/romAccuracyScenario1/train3_v2//fom_mesh256x1024_nThreads_36_dt_0.1_T_2000_snaps_true_seismo_true_mat_bilayer_fRank_1_test_1/state_timestep_20000_vp
reading approx state /home/fnrizzi/waveRuns/romAccuracyScenario1/train3_v2//rom_mesh256x1024_nThreads_18_dt_0.1_T_2000_snaps_true_mat_bilayer_fRank_1_nPod_1914_1914_test_1/fomReconstructedState_timestep_20000_vp
 vp_fom_minmax    = -2.360281908877452e-10 3.2496987045308033e-10
 vp_approx_minmax = -2.3877145868830996e-10 3.2399671223963245e-10
 vp_err_minmax    = -6.225049195076472e-11 5.2616074785182356e-11
 vp_err_abs_rel_ltwo_norms = 5.67122648080389e-10 0.04207420615529369
 vp_err_abs_rel_linf_norms = 6.225049195076472e-11 0.19155773384152097
