reading fom    state /home/fnrizzi/waveRuns/romAccuracyScenario1/train3/fom_mesh256x1024_nThreads_36_dt_0.1_T_2000_snaps_true_seismo_true_mat_bilayer_fRank_1_test_5/state_timestep_20000_vp
reading approx state /home/fnrizzi/waveRuns/romAccuracyScenario1/train3/rom_mesh256x1024_nThreads_18_dt_0.1_T_2000_snaps_true_mat_bilayer_fRank_1_nPod_2340_2340_test_5/fomReconstructedState_timestep_20000_vp
 vp_fom_minmax    = -3.335238199830344e-10 3.7148689687324867e-10
 vp_approx_minmax = -3.3383513608318076e-10 3.7193492434871495e-10
 vp_err_minmax    = -7.709894672319826e-12 1.0541121011850214e-11
 vp_err_abs_rel_ltwo_norms = 2.1723257111033858e-10 0.01539065322722107
 vp_err_abs_rel_linf_norms = 1.0541121011850214e-11 0.028375485382050623
