reading fom    state /home/fnrizzi/waveRuns/romAccuracyScenario1/train3_v2//fom_mesh256x1024_nThreads_36_dt_0.1_T_2000_snaps_true_seismo_true_mat_bilayer_fRank_1_test_4/state_timestep_20000_sp
reading approx state /home/fnrizzi/waveRuns/romAccuracyScenario1/train3_v2//rom_mesh256x1024_nThreads_18_dt_0.1_T_2000_snaps_true_mat_bilayer_fRank_1_nPod_2329_2329_test_4/fomReconstructedState_timestep_20000_sp
 sp_fom_minmax    = -0.009470906279489572 0.007348611935646899
 sp_approx_minmax = -0.009537904394543951 0.007356534475422123
 sp_err_minmax    = -0.00041159613278802365 0.0006127655394918435
 sp_err_abs_rel_ltwo_norms = 0.00809734841861603 0.021328751130494324
 sp_err_abs_rel_linf_norms = 0.0006127655394918435 0.06469977860712904
