reading fom    state /home/fnrizzi/waveRuns/romAccuracyScenario1/train3/fom_mesh256x1024_nThreads_36_dt_0.1_T_2000_snaps_true_seismo_true_mat_bilayer_fRank_1_test_6/state_timestep_20000_vp
reading approx state /home/fnrizzi/waveRuns/romAccuracyScenario1/train3/rom_mesh256x1024_nThreads_18_dt_0.1_T_2000_snaps_true_mat_bilayer_fRank_1_nPod_1050_1050_test_6/fomReconstructedState_timestep_20000_vp
 vp_fom_minmax    = -3.139035594411086e-10 3.7138037374264543e-10
 vp_approx_minmax = -1.1664399405200275e-08 2.7848203439128172e-08
 vp_err_minmax    = -2.7847866711449458e-08 1.1664230121876752e-08
 vp_err_abs_rel_ltwo_norms = 5.630071400446698e-08 4.0190555292625385
 vp_err_abs_rel_linf_norms = 2.7847866711449458e-08 74.98475600853136
