reading fom    state /home/fnrizzi/waveRuns/romAccuracyScenario1/train3/fom_mesh256x1024_nThreads_36_dt_0.1_T_2000_snaps_true_seismo_true_mat_bilayer_fRank_1_test_5/state_timestep_20000_vp
reading approx state /home/fnrizzi/waveRuns/romAccuracyScenario1/train3/rom_mesh256x1024_nThreads_18_dt_0.1_T_2000_snaps_true_mat_bilayer_fRank_1_nPod_1050_1050_test_5/fomReconstructedState_timestep_20000_vp
 vp_fom_minmax    = -3.335238199830344e-10 3.7148689687324867e-10
 vp_approx_minmax = -3.5687459172947664e-06 8.489370574547371e-06
 vp_err_minmax    = -8.489370187451193e-06 3.568745913296373e-06
 vp_err_abs_rel_ltwo_norms = 1.7280999021749855e-05 1224.33694912448
 vp_err_abs_rel_linf_norms = 8.489370187451193e-06 22852.408143880686
