reading fom    state /home/fnrizzi/waveRuns/romAccuracyScenario1/train3/fom_mesh256x1024_nThreads_36_dt_0.1_T_2000_snaps_true_seismo_true_mat_bilayer_fRank_1_test_4/state_timestep_20000_sp
reading approx state /home/fnrizzi/waveRuns/romAccuracyScenario1/train3/rom_mesh256x1024_nThreads_18_dt_0.1_T_2000_snaps_true_mat_bilayer_fRank_1_nPod_26_26_test_4/fomReconstructedState_timestep_20000_sp
 sp_fom_minmax    = -0.009519839330177566 0.007797777071990026
 sp_approx_minmax = -0.03973897788821433 0.04012953360006789
 sp_err_minmax    = -0.04013731587344748 0.03974607494626667
 sp_err_abs_rel_ltwo_norms = 1.0070403631852032 2.642926244921146
 sp_err_abs_rel_linf_norms = 0.04013731587344748 4.21617576530032
