reading fom    state /home/fnrizzi/waveRuns/romAccuracyScenario1/train3/fom_mesh256x1024_nThreads_36_dt_0.1_T_2000_snaps_true_seismo_true_mat_bilayer_fRank_1_test_6/state_timestep_20000_vp
reading approx state /home/fnrizzi/waveRuns/romAccuracyScenario1/train3/rom_mesh256x1024_nThreads_18_dt_0.1_T_2000_snaps_true_mat_bilayer_fRank_1_nPod_2340_2340_test_6/fomReconstructedState_timestep_20000_vp
 vp_fom_minmax    = -3.139035594411086e-10 3.7138037374264543e-10
 vp_approx_minmax = -3.139827496937592e-10 3.7176247518615744e-10
 vp_err_minmax    = -1.2606393709748944e-11 7.08563521033132e-12
 vp_err_abs_rel_ltwo_norms = 1.6448241552228728e-10 0.011741662130943088
 vp_err_abs_rel_linf_norms = 1.2606393709748944e-11 0.03394469552256083
