reading fom    state /home/fnrizzi/waveRuns/romAccuracyScenario1/train3/fom_mesh256x1024_nThreads_36_dt_0.1_T_2000_snaps_true_seismo_true_mat_bilayer_fRank_1_test_6/state_timestep_20000_sp
reading approx state /home/fnrizzi/waveRuns/romAccuracyScenario1/train3/rom_mesh256x1024_nThreads_18_dt_0.1_T_2000_snaps_true_mat_bilayer_fRank_1_nPod_2340_2340_test_6/fomReconstructedState_timestep_20000_sp
 sp_fom_minmax    = -0.009521278842316782 0.007851867327942496
 sp_approx_minmax = -0.009508442745556438 0.007869124995989211
 sp_err_minmax    = -0.0003422273162051686 0.00021301760380142392
 sp_err_abs_rel_ltwo_norms = 0.004838773381717106 0.012694237278590571
 sp_err_abs_rel_linf_norms = 0.0003422273162051686 0.03594341914283182
