reading fom    state /home/fnrizzi/romAccuracyT4/fom_mesh512x2048_nThreads_36_dt_0.1_T_2000.0_snaps_true_seismo_true_mat_prem_fRank_1_test_4/finalFomState_vp_0
reading approx state /home/fnrizzi/romAccuracyT4/rom_mesh512x2048_nThreads_18_dt_0.1_T_2000.0_snaps_true_mat_prem_fRank_6_nPod_275_275/finalFomState_vp_4
 vp_fom_minmax    = -1.203220505688684e-07 1.3162000284543027e-07
 vp_approx_minmax = -1.1568378125931467e-07 1.53500129000758e-07
 vp_err_minmax    = -1.534951981232176e-07 1.04335736397176e-07
 vp_err_abs_rel_ltwo_norms = 1.9543252277840702e-06 0.6982721534525858
 vp_err_abs_rel_linf_norms = 1.534951981232176e-07 1.1661996262336871
