reading fom    state /home/fnrizzi/romAccuracyT4/fom_mesh512x2048_nThreads_36_dt_0.1_T_2000.0_snaps_true_seismo_true_mat_prem_fRank_1_test_0/finalFomState_sp_0
reading approx state /home/fnrizzi/romAccuracyT4/rom_mesh512x2048_nThreads_18_dt_0.1_T_2000.0_snaps_true_mat_prem_fRank_6_nPod_275_275/finalFomState_sp_0
 sp_fom_minmax    = -0.4049200801282478 0.4145446855028664
 sp_approx_minmax = -0.5011435847361901 0.3966210908290163
 sp_err_minmax    = -0.25462014643385916 0.5011436507669048
 sp_err_abs_rel_ltwo_norms = 9.402798064502669 0.47985669702223394
 sp_err_abs_rel_linf_norms = 0.5011436507669048 1.2089014002410594
