reading fom    state /home/fnrizzi/waveRuns/romAccuracyScenario1/train3_v2//fom_mesh256x1024_nThreads_36_dt_0.1_T_2000_snaps_true_seismo_true_mat_bilayer_fRank_1_test_10/state_timestep_20000_vp
reading approx state /home/fnrizzi/waveRuns/romAccuracyScenario1/train3_v2//rom_mesh256x1024_nThreads_18_dt_0.1_T_2000_snaps_true_mat_bilayer_fRank_1_nPod_2227_2227_test_10/fomReconstructedState_timestep_20000_vp
 vp_fom_minmax    = -3.6123257051610133e-10 3.53189916651468e-10
 vp_approx_minmax = -3.549450782530515e-10 3.5078091623522063e-10
 vp_err_minmax    = -3.2585992003301595e-11 5.007202098828372e-11
 vp_err_abs_rel_ltwo_norms = 7.435448006813228e-10 0.051851899688244406
 vp_err_abs_rel_linf_norms = 5.007202098828372e-11 0.13861435838065395
