reading fom    state /home/fnrizzi/waveRuns/romAccuracyScenario1/train3_v2//fom_mesh256x1024_nThreads_36_dt_0.1_T_2000_snaps_true_seismo_true_mat_bilayer_fRank_1_test_10/state_timestep_20000_sp
reading approx state /home/fnrizzi/waveRuns/romAccuracyScenario1/train3_v2//rom_mesh256x1024_nThreads_18_dt_0.1_T_2000_snaps_true_mat_bilayer_fRank_1_nPod_2227_2227_test_10/fomReconstructedState_timestep_20000_sp
 sp_fom_minmax    = -0.008965573843383558 0.00881978720381134
 sp_approx_minmax = -0.01825477353972248 0.00877309722077516
 sp_err_minmax    = -0.007542360011490009 0.01826147353508524
 sp_err_abs_rel_ltwo_norms = 0.0378921834066221 0.09849355377892488
 sp_err_abs_rel_linf_norms = 0.01826147353508524 2.0368438043217836
