reading fom    state /home/fnrizzi/waveRuns/romAccuracyScenario1/train3//fom_mesh256x1024_nThreads_36_dt_0.1_T_2000_snaps_true_seismo_true_mat_bilayer_fRank_1_test_10/state_timestep_20000_vp
reading approx state /home/fnrizzi/waveRuns/romAccuracyScenario1/train3//rom_mesh256x1024_nThreads_18_dt_0.1_T_2000_snaps_true_mat_bilayer_fRank_1_nPod_2340_2340_test_10/fomReconstructedState_timestep_20000_vp
 vp_fom_minmax    = -3.6123257051610133e-10 3.53189916651468e-10
 vp_approx_minmax = -3.5901657888404043e-10 3.510874905100311e-10
 vp_err_minmax    = -1.9547817027820652e-11 1.4685228623313073e-11
 vp_err_abs_rel_ltwo_norms = 4.253652740061392e-10 0.02966330676835967
 vp_err_abs_rel_linf_norms = 1.9547817027820652e-11 0.05411421511601856
