reading fom    state /home/fnrizzi/waveRuns/romAccuracyScenario1/train3//fom_mesh256x1024_nThreads_36_dt_0.1_T_2000_snaps_true_seismo_true_mat_bilayer_fRank_1_test_10/state_timestep_20000_sp
reading approx state /home/fnrizzi/waveRuns/romAccuracyScenario1/train3//rom_mesh256x1024_nThreads_18_dt_0.1_T_2000_snaps_true_mat_bilayer_fRank_1_nPod_2340_2340_test_10/fomReconstructedState_timestep_20000_sp
 sp_fom_minmax    = -0.008965573843383558 0.00881978720381134
 sp_approx_minmax = -0.008938132505788829 0.008804133051692946
 sp_err_minmax    = -0.00043025913670863346 0.00033383505481681254
 sp_err_abs_rel_ltwo_norms = 0.011848734880291248 0.03079854210618642
 sp_err_abs_rel_linf_norms = 0.00043025913670863346 0.047990139195179055
