reading fom    state /home/fnrizzi/waveRuns/romAccuracyScenario1/train3_v2//fom_mesh256x1024_nThreads_36_dt_0.1_T_2000_snaps_true_seismo_true_mat_bilayer_fRank_1_test_0/state_timestep_20000_vp
reading approx state /home/fnrizzi/waveRuns/romAccuracyScenario1/train3_v2//rom_mesh256x1024_nThreads_18_dt_0.1_T_2000_snaps_true_mat_bilayer_fRank_1_nPod_2227_2227_test_0/fomReconstructedState_timestep_20000_vp
 vp_fom_minmax    = -2.6376469243093067e-10 3.5174279155615993e-10
 vp_approx_minmax = -2.6531379076909973e-10 3.512319293574126e-10
 vp_err_minmax    = -9.162678347244024e-12 7.456841205054821e-12
 vp_err_abs_rel_ltwo_norms = 2.451416929023266e-10 0.017884501907444894
 vp_err_abs_rel_linf_norms = 9.162678347244024e-12 0.026049370640140304
