reading fom    state /home/fnrizzi/waveRuns/romAccuracyScenario1/train3_v2//fom_mesh256x1024_nThreads_36_dt_0.1_T_2000_snaps_true_seismo_true_mat_bilayer_fRank_1_test_0/state_timestep_20000_sp
reading approx state /home/fnrizzi/waveRuns/romAccuracyScenario1/train3_v2//rom_mesh256x1024_nThreads_18_dt_0.1_T_2000_snaps_true_mat_bilayer_fRank_1_nPod_2227_2227_test_0/fomReconstructedState_timestep_20000_sp
 sp_fom_minmax    = -0.009213783202542989 0.006689449546627719
 sp_approx_minmax = -0.009197679624123795 0.006743755241837944
 sp_err_minmax    = -0.0045879397704693 0.0018899217382048602
 sp_err_abs_rel_ltwo_norms = 0.010210663155431185 0.02706556876164166
 sp_err_abs_rel_linf_norms = 0.0045879397704693 0.49794309998557773
