reading fom    state /home/fnrizzi/waveRuns/romAccuracyScenario1/train3/fom_mesh256x1024_nThreads_36_dt_0.1_T_2000_snaps_true_seismo_true_mat_bilayer_fRank_1_test_13/state_timestep_20000_vp
reading approx state /home/fnrizzi/waveRuns/romAccuracyScenario1/train3/rom_mesh256x1024_nThreads_18_dt_0.1_T_2000_snaps_true_mat_bilayer_fRank_1_nPod_204_204_test_13/fomReconstructedState_timestep_20000_vp
 vp_fom_minmax    = -2.5007619759604187e-10 3.4131847806780713e-10
 vp_approx_minmax = -2.506307698401451e-10 3.432534653645838e-10
 vp_err_minmax    = -1.1548059052099322e-10 2.385176592206339e-10
 vp_err_abs_rel_ltwo_norms = 8.853914583166871e-10 0.06508636046840979
 vp_err_abs_rel_linf_norms = 2.385176592206339e-10 0.6988126179715632
