reading fom    state /home/fnrizzi/waveRuns/romAccuracyScenario1/train3_v2//fom_mesh256x1024_nThreads_36_dt_0.1_T_2000_snaps_true_seismo_true_mat_bilayer_fRank_1_test_14/state_timestep_20000_vp
reading approx state /home/fnrizzi/waveRuns/romAccuracyScenario1/train3_v2//rom_mesh256x1024_nThreads_18_dt_0.1_T_2000_snaps_true_mat_bilayer_fRank_1_nPod_222_222_test_14/fomReconstructedState_timestep_20000_vp
 vp_fom_minmax    = -2.7194373141975074e-10 3.5796086798660353e-10
 vp_approx_minmax = -2.708750833406968e-10 3.601237650418768e-10
 vp_err_minmax    = -1.8588739989219576e-10 2.13538151784693e-10
 vp_err_abs_rel_ltwo_norms = 9.374514780884682e-10 0.06811144604094176
 vp_err_abs_rel_linf_norms = 2.13538151784693e-10 0.5965404905451411
