reading fom    state /home/fnrizzi/waveRuns/romAccuracyScenario1/train3//fom_mesh256x1024_nThreads_36_dt_0.1_T_2000_snaps_true_seismo_true_mat_bilayer_fRank_1_test_10/state_timestep_20000_sp
reading approx state /home/fnrizzi/waveRuns/romAccuracyScenario1/train3//rom_mesh256x1024_nThreads_18_dt_0.1_T_2000_snaps_true_mat_bilayer_fRank_1_nPod_1819_1819_test_10/fomReconstructedState_timestep_20000_sp
 sp_fom_minmax    = -0.008965573843383558 0.00881978720381134
 sp_approx_minmax = -48.68686483357121 21.469752756021823
 sp_err_minmax    = -21.469745392089983 48.68687153356657
 sp_err_abs_rel_ltwo_norms = 82.16653716862315 213.57635057871832
 sp_err_abs_rel_linf_norms = 48.68687153356657 5430.4244640733905
