reading fom    state /home/fnrizzi/waveRuns/romAccuracyScenario1/train3//fom_mesh256x1024_nThreads_36_dt_0.1_T_2000_snaps_true_seismo_true_mat_bilayer_fRank_1_test_10/state_timestep_20000_vp
reading approx state /home/fnrizzi/waveRuns/romAccuracyScenario1/train3//rom_mesh256x1024_nThreads_18_dt_0.1_T_2000_snaps_true_mat_bilayer_fRank_1_nPod_1819_1819_test_10/fomReconstructedState_timestep_20000_vp
 vp_fom_minmax    = -3.6123257051610133e-10 3.53189916651468e-10
 vp_approx_minmax = -7.065178962480526e-08 5.548100176805218e-08
 vp_err_minmax    = -5.5480926637342445e-08 7.065097257087815e-08
 vp_err_abs_rel_ltwo_norms = 4.87565735701384e-07 34.00092313986682
 vp_err_abs_rel_linf_norms = 7.065097257087815e-08 195.58306292795655
