reading fom    state /home/fnrizzi/waveRuns/romAccuracyScenario1/train3_v2//fom_mesh256x1024_nThreads_36_dt_0.1_T_2000_snaps_true_seismo_true_mat_bilayer_fRank_1_test_9/state_timestep_20000_sp
reading approx state /home/fnrizzi/waveRuns/romAccuracyScenario1/train3_v2//rom_mesh256x1024_nThreads_18_dt_0.1_T_2000_snaps_true_mat_bilayer_fRank_1_nPod_2385_2385_test_9/fomReconstructedState_timestep_20000_sp
 sp_fom_minmax    = -0.008091522011671912 0.0057444553018969734
 sp_approx_minmax = -0.008116725192520075 0.005785550305119461
 sp_err_minmax    = -0.00016471054870677366 0.000242152201761509
 sp_err_abs_rel_ltwo_norms = 0.006290778838185782 0.016945008767411937
 sp_err_abs_rel_linf_norms = 0.000242152201761509 0.029926656741736314
