reading fom    state /home/fnrizzi/waveRuns/romAccuracyScenario1/train3_v2//fom_mesh256x1024_nThreads_36_dt_0.1_T_2000_snaps_true_seismo_true_mat_bilayer_fRank_1_test_9/state_timestep_20000_vp
reading approx state /home/fnrizzi/waveRuns/romAccuracyScenario1/train3_v2//rom_mesh256x1024_nThreads_18_dt_0.1_T_2000_snaps_true_mat_bilayer_fRank_1_nPod_2385_2385_test_9/fomReconstructedState_timestep_20000_vp
 vp_fom_minmax    = -2.2241950298866584e-10 3.204729129877815e-10
 vp_approx_minmax = -2.2237618567551418e-10 3.18318397968635e-10
 vp_err_minmax    = -6.407319065818125e-12 7.229208289938644e-12
 vp_err_abs_rel_ltwo_norms = 2.1725920967818596e-10 0.016296112953925315
 vp_err_abs_rel_linf_norms = 7.229208289938644e-12 0.0225579385868854
