reading fom    state /home/fnrizzi/waveRuns/romAccuracyScenario1/train3_v2//fom_mesh256x1024_nThreads_36_dt_0.1_T_2000_snaps_true_seismo_true_mat_bilayer_fRank_1_test_6/state_timestep_20000_sp
reading approx state /home/fnrizzi/waveRuns/romAccuracyScenario1/train3_v2//rom_mesh256x1024_nThreads_18_dt_0.1_T_2000_snaps_true_mat_bilayer_fRank_1_nPod_2385_2385_test_6/fomReconstructedState_timestep_20000_sp
 sp_fom_minmax    = -0.00948057775187075 0.007412992481106251
 sp_approx_minmax = -0.009461033548153955 0.007412169864111633
 sp_err_minmax    = -0.0002388313055939678 0.00021228399871237383
 sp_err_abs_rel_ltwo_norms = 0.008315388247023863 0.021889024478067048
 sp_err_abs_rel_linf_norms = 0.0002388313055939678 0.02519164040892345
