reading fom    state /home/fnrizzi/waveRuns/romAccuracyScenario1/train3/fom_mesh256x1024_nThreads_36_dt_0.1_T_2000_snaps_true_seismo_true_mat_bilayer_fRank_1_test_0/state_timestep_20000_vp
reading approx state /home/fnrizzi/waveRuns/romAccuracyScenario1/train3/rom_mesh256x1024_nThreads_18_dt_0.1_T_2000_snaps_true_mat_bilayer_fRank_1_nPod_104_104_test_0/fomReconstructedState_timestep_20000_vp
 vp_fom_minmax    = -2.9149490631310344e-10 3.672894543694797e-10
 vp_approx_minmax = -2.8894771147370705e-10 5.255461964040338e-10
 vp_err_minmax    = -5.254528096958821e-10 2.5885266410077767e-10
 vp_err_abs_rel_ltwo_norms = 4.380854836664922e-09 0.31556386148827453
 vp_err_abs_rel_linf_norms = 5.254528096958821e-10 1.4306231868211927
