reading fom    state /home/fnrizzi/waveRuns/romAccuracyScenario1/train3/fom_mesh256x1024_nThreads_36_dt_0.1_T_2000_snaps_true_seismo_true_mat_bilayer_fRank_1_test_0/state_timestep_20000_sp
reading approx state /home/fnrizzi/waveRuns/romAccuracyScenario1/train3/rom_mesh256x1024_nThreads_18_dt_0.1_T_2000_snaps_true_mat_bilayer_fRank_1_nPod_104_104_test_0/fomReconstructedState_timestep_20000_sp
 sp_fom_minmax    = -0.009471013545517354 0.00734761459950312
 sp_approx_minmax = -0.023215485577397228 0.03135738895404836
 sp_err_minmax    = -0.031360682958693424 0.023219011000287865
 sp_err_abs_rel_ltwo_norms = 0.11397214903809061 0.3002101054719071
 sp_err_abs_rel_linf_norms = 0.031360682958693424 3.3112277590962256
