reading fom    state /home/fnrizzi/waveRuns/romAccuracyScenario1/train3/fom_mesh256x1024_nThreads_36_dt_0.1_T_2000_snaps_true_seismo_true_mat_bilayer_fRank_1_test_2/state_timestep_20000_vp
reading approx state /home/fnrizzi/waveRuns/romAccuracyScenario1/train3/rom_mesh256x1024_nThreads_18_dt_0.1_T_2000_snaps_true_mat_bilayer_fRank_1_nPod_2133_2133_test_2/fomReconstructedState_timestep_20000_vp
 vp_fom_minmax    = -2.6781294098337526e-10 3.5554227693485403e-10
 vp_approx_minmax = -2.69563519448198e-10 3.56089485128898e-10
 vp_err_minmax    = -3.058431298150468e-11 3.265063129780884e-11
 vp_err_abs_rel_ltwo_norms = 2.687851441933035e-10 0.019568972594920242
 vp_err_abs_rel_linf_norms = 3.265063129780884e-11 0.09183333014372132
