reading fom    state /home/fnrizzi/waveRuns/romAccuracyScenario1/train3/fom_mesh256x1024_nThreads_36_dt_0.1_T_2000_snaps_true_seismo_true_mat_bilayer_fRank_1_test_3/state_timestep_20000_sp
reading approx state /home/fnrizzi/waveRuns/romAccuracyScenario1/train3/rom_mesh256x1024_nThreads_18_dt_0.1_T_2000_snaps_true_mat_bilayer_fRank_1_nPod_204_204_test_3/fomReconstructedState_timestep_20000_sp
 sp_fom_minmax    = -0.009013667470569989 0.006445282925537698
 sp_approx_minmax = -0.009058436177514886 0.006436551715956806
 sp_err_minmax    = -0.0041138027365555906 0.004072484160759542
 sp_err_abs_rel_ltwo_norms = 0.021339823035964607 0.05675310190249513
 sp_err_abs_rel_linf_norms = 0.0041138027365555906 0.45639610624502547
