reading fom    state /home/fnrizzi/waveRuns/romAccuracyScenario1/train3/fom_mesh256x1024_nThreads_36_dt_0.1_T_2000_snaps_true_seismo_true_mat_bilayer_fRank_1_test_3/state_timestep_20000_vp
reading approx state /home/fnrizzi/waveRuns/romAccuracyScenario1/train3/rom_mesh256x1024_nThreads_18_dt_0.1_T_2000_snaps_true_mat_bilayer_fRank_1_nPod_204_204_test_3/fomReconstructedState_timestep_20000_vp
 vp_fom_minmax    = -2.5237124345143444e-10 3.4328387696801826e-10
 vp_approx_minmax = -4.645147764990753e-10 3.456422618963177e-10
 vp_err_minmax    = -1.9210042330751233e-10 4.6393366090037156e-10
 vp_err_abs_rel_ltwo_norms = 9.836750728387218e-10 0.07220697656933436
 vp_err_abs_rel_linf_norms = 4.6393366090037156e-10 1.351457764337687
