reading fom    state /home/fnrizzi/waveRuns/romAccuracyScenario1/train3_v2//fom_mesh256x1024_nThreads_36_dt_0.1_T_2000_snaps_true_seismo_true_mat_bilayer_fRank_1_test_3/state_timestep_20000_vp
reading approx state /home/fnrizzi/waveRuns/romAccuracyScenario1/train3_v2//rom_mesh256x1024_nThreads_18_dt_0.1_T_2000_snaps_true_mat_bilayer_fRank_1_nPod_2329_2329_test_3/fomReconstructedState_timestep_20000_vp
 vp_fom_minmax    = -2.19983787037272e-10 3.251192024404941e-10
 vp_approx_minmax = -2.2078080226243902e-10 3.2497928151852746e-10
 vp_err_minmax    = -5.3194374338700806e-12 1.0451391308901973e-11
 vp_err_abs_rel_ltwo_norms = 1.404678846306844e-10 0.010558092210097078
 vp_err_abs_rel_linf_norms = 1.0451391308901973e-11 0.032146336575782135
