reading fom    state /home/fnrizzi/romAccuracyT4/fom_mesh512x2048_nThreads_36_dt_0.1_T_2000.0_snaps_true_seismo_true_mat_prem_fRank_1_test_13/finalFomState_vp_0
reading approx state /home/fnrizzi/romAccuracyT4/rom_mesh512x2048_nThreads_18_dt_0.1_T_2000.0_snaps_true_mat_prem_fRank_14_nPod_170_170/finalFomState_vp_13
 vp_fom_minmax    = -3.959188791929077e-08 2.947016804189463e-08
 vp_approx_minmax = -8.97639220725589e-08 7.738076335270526e-08
 vp_err_minmax    = -7.738674245327129e-08 8.976279750272117e-08
 vp_err_abs_rel_ltwo_norms = 2.3027422798388385e-06 2.081601719358478
 vp_err_abs_rel_linf_norms = 8.976279750272117e-08 2.26720174813854
