reading fom    state /home/fnrizzi/romAccuracyT4/fom_mesh512x2048_nThreads_36_dt_0.1_T_2000.0_snaps_true_seismo_true_mat_prem_fRank_1_test_2/finalFomState_vp_0
reading approx state /home/fnrizzi/romAccuracyT4/rom_mesh512x2048_nThreads_18_dt_0.1_T_2000.0_snaps_true_mat_prem_fRank_14_nPod_170_170/finalFomState_vp_2
 vp_fom_minmax    = -4.792533511328501e-08 3.748258399512784e-08
 vp_approx_minmax = -9.349266711032988e-08 7.150782159959973e-08
 vp_err_minmax    = -7.151623209432724e-08 9.349182531981074e-08
 vp_err_abs_rel_ltwo_norms = 2.3313352867116804e-06 1.810303116069073
 vp_err_abs_rel_linf_norms = 9.349182531981074e-08 1.9507808364577213
