reading fom    state /home/fnrizzi/waveRuns/romAccuracyScenario1/train3_v2//fom_mesh256x1024_nThreads_36_dt_0.1_T_2000_snaps_true_seismo_true_mat_bilayer_fRank_1_test_12/state_timestep_20000_sp
reading approx state /home/fnrizzi/waveRuns/romAccuracyScenario1/train3_v2//rom_mesh256x1024_nThreads_18_dt_0.1_T_2000_snaps_true_mat_bilayer_fRank_1_nPod_222_222_test_12/fomReconstructedState_timestep_20000_sp
 sp_fom_minmax    = -0.009224853803041584 0.008569853232973768
 sp_approx_minmax = -0.009279516677823273 0.008533813719998052
 sp_err_minmax    = -0.004892778128001035 0.006813220500844681
 sp_err_abs_rel_ltwo_norms = 0.025220331857621316 0.0657807198913127
 sp_err_abs_rel_linf_norms = 0.006813220500844681 0.7385721927211737
