reading fom    state /home/fnrizzi/romAccuracyT4/fom_mesh512x2048_nThreads_36_dt_0.1_T_2000.0_snaps_true_seismo_true_mat_prem_fRank_1_test_13/finalFomState_sp_0
reading approx state /home/fnrizzi/romAccuracyT4/rom_mesh512x2048_nThreads_18_dt_0.1_T_2000.0_snaps_true_mat_prem_fRank_14_nPod_393_393/finalFomState_sp_13
 sp_fom_minmax    = -0.3882001245748058 0.39643063846874643
 sp_approx_minmax = -0.3891264559731936 0.3964873076172374
 sp_err_minmax    = -0.0018031259428392676 0.0017375573133111
 sp_err_abs_rel_ltwo_norms = 0.07578783944666415 0.003945610709110238
 sp_err_abs_rel_linf_norms = 0.0018031259428392676 0.004548402085681431
