reading fom    state /home/fnrizzi/romAccuracyT4/fom_mesh512x2048_nThreads_36_dt_0.1_T_2000.0_snaps_true_seismo_true_mat_prem_fRank_1_test_2/finalFomState_vp_0
reading approx state /home/fnrizzi/romAccuracyT4/rom_mesh512x2048_nThreads_18_dt_0.1_T_2000.0_snaps_true_mat_prem_fRank_14_nPod_393_393/finalFomState_vp_2
 vp_fom_minmax    = -4.792533511328501e-08 3.748258399512784e-08
 vp_approx_minmax = -4.785681400238606e-08 3.760920965615475e-08
 vp_err_minmax    = -3.9880805100835663e-10 3.6016528914244606e-10
 vp_err_abs_rel_ltwo_norms = 1.5474745457685666e-08 0.012016281005181999
 vp_err_abs_rel_linf_norms = 3.9880805100835663e-10 0.008321445224444684
