reading fom    state /home/fnrizzi/romAccuracyT4/fom_mesh512x2048_nThreads_36_dt_0.1_T_2000.0_snaps_true_seismo_true_mat_prem_fRank_1_test_7/finalFomState_sp_0
reading approx state /home/fnrizzi/romAccuracyT4/rom_mesh512x2048_nThreads_18_dt_0.1_T_2000.0_snaps_true_mat_prem_fRank_14_nPod_393_393/finalFomState_sp_7
 sp_fom_minmax    = -1.358115975068079 1.3459612899400317
 sp_approx_minmax = -1.356430771299396 1.3406106154796815
 sp_err_minmax    = -0.014523169427900218 0.008689563601394446
 sp_err_abs_rel_ltwo_norms = 0.3881423634929829 0.01113153993858236
 sp_err_abs_rel_linf_norms = 0.014523169427900218 0.010693615047987494
