reading fom    state /home/fnrizzi/romAccuracyT4/fom_mesh512x2048_nThreads_36_dt_0.1_T_2000.0_snaps_true_seismo_true_mat_prem_fRank_1_test_5/finalFomState_vp_0
reading approx state /home/fnrizzi/romAccuracyT4/rom_mesh512x2048_nThreads_18_dt_0.1_T_2000.0_snaps_true_mat_prem_fRank_14_nPod_393_393/finalFomState_vp_5
 vp_fom_minmax    = -1.0764616464143212e-07 1.0947607022853834e-07
 vp_approx_minmax = -1.0769352469976459e-07 1.0939006601897166e-07
 vp_err_minmax    = -5.941274650330342e-10 6.973695259436122e-10
 vp_err_abs_rel_ltwo_norms = 2.472603992738704e-08 0.01082164138430926
 vp_err_abs_rel_linf_norms = 6.973695259436122e-10 0.006370063562638012
