reading fom    state /home/fnrizzi/romAccuracyT4/fom_mesh512x2048_nThreads_36_dt_0.1_T_2000.0_snaps_true_seismo_true_mat_prem_fRank_1_test_5/finalFomState_sp_0
reading approx state /home/fnrizzi/romAccuracyT4/rom_mesh512x2048_nThreads_18_dt_0.1_T_2000.0_snaps_true_mat_prem_fRank_14_nPod_393_393/finalFomState_sp_5
 sp_fom_minmax    = -1.5911772184743067 1.5017164637347515
 sp_approx_minmax = -1.5894036862296312 1.4980869859344197
 sp_err_minmax    = -0.008005690088431716 0.006913618048291147
 sp_err_abs_rel_ltwo_norms = 0.3298232359497896 0.00839705027077836
 sp_err_abs_rel_linf_norms = 0.008005690088431716 0.005031300093717994
