reading fom    state /home/fnrizzi/waveRuns/romAccuracyScenario1/train3_v2//fom_mesh256x1024_nThreads_36_dt_0.1_T_2000_snaps_true_seismo_true_mat_bilayer_fRank_1_test_1/state_timestep_20000_vp
reading approx state /home/fnrizzi/waveRuns/romAccuracyScenario1/train3_v2//rom_mesh256x1024_nThreads_18_dt_0.1_T_2000_snaps_true_mat_bilayer_fRank_1_nPod_117_117_test_1/fomReconstructedState_timestep_20000_vp
 vp_fom_minmax    = -2.360281908877452e-10 3.2496987045308033e-10
 vp_approx_minmax = -1.8842206863086555e-09 3.4627220163470934e-10
 vp_err_minmax    = -6.511998781790633e-11 1.883181548569443e-09
 vp_err_abs_rel_ltwo_norms = 4.067383096057787e-09 0.30175468300436187
 vp_err_abs_rel_linf_norms = 1.883181548569443e-09 5.794941992449543
