reading fom    state /home/fnrizzi/waveRuns/romAccuracyScenario1/train3_v2//fom_mesh256x1024_nThreads_36_dt_0.1_T_2000_snaps_true_seismo_true_mat_bilayer_fRank_1_test_3/state_timestep_20000_sp
reading approx state /home/fnrizzi/waveRuns/romAccuracyScenario1/train3_v2//rom_mesh256x1024_nThreads_18_dt_0.1_T_2000_snaps_true_mat_bilayer_fRank_1_nPod_2227_2227_test_3/fomReconstructedState_timestep_20000_sp
 sp_fom_minmax    = -0.008017887323481075 0.005703603903273843
 sp_approx_minmax = -0.012985322383423639 0.030404934179562235
 sp_err_minmax    = -0.03039924133794563 0.0130129125261999
 sp_err_abs_rel_ltwo_norms = 0.05606936173266374 0.15122650582732175
 sp_err_abs_rel_linf_norms = 0.03039924133794563 3.7914278551806073
