reading fom    state /home/fnrizzi/waveRuns/romAccuracyScenario1/train3_v2//fom_mesh256x1024_nThreads_36_dt_0.1_T_2000_snaps_true_seismo_true_mat_bilayer_fRank_1_test_9/state_timestep_20000_sp
reading approx state /home/fnrizzi/waveRuns/romAccuracyScenario1/train3_v2//rom_mesh256x1024_nThreads_18_dt_0.1_T_2000_snaps_true_mat_bilayer_fRank_1_nPod_1117_1117_test_9/fomReconstructedState_timestep_20000_sp
 sp_fom_minmax    = -0.008091522011671912 0.0057444553018969734
 sp_approx_minmax = -0.008105433129260733 0.0057742239077903336
 sp_err_minmax    = -0.0013911899477549207 0.0018181456625460928
 sp_err_abs_rel_ltwo_norms = 0.013871119079368903 0.03736361434087656
 sp_err_abs_rel_linf_norms = 0.0018181456625460928 0.22469761065018942
