reading fom    state /home/fnrizzi/waveRuns/romAccuracyScenario1/train3_v2//fom_mesh256x1024_nThreads_36_dt_0.1_T_2000_snaps_true_seismo_true_mat_bilayer_fRank_1_test_9/state_timestep_20000_vp
reading approx state /home/fnrizzi/waveRuns/romAccuracyScenario1/train3_v2//rom_mesh256x1024_nThreads_18_dt_0.1_T_2000_snaps_true_mat_bilayer_fRank_1_nPod_1117_1117_test_9/fomReconstructedState_timestep_20000_vp
 vp_fom_minmax    = -2.2241950298866584e-10 3.204729129877815e-10
 vp_approx_minmax = -2.2285395466436593e-10 3.2073506458345377e-10
 vp_err_minmax    = -1.0754470388234474e-10 5.7098530446937136e-11
 vp_err_abs_rel_ltwo_norms = 5.060696488804036e-10 0.037959118846672406
 vp_err_abs_rel_linf_norms = 1.0754470388234474e-10 0.33558125983160714
