reading fom    state /home/fnrizzi/romAccuracyT4/fom_mesh512x2048_nThreads_36_dt_0.1_T_2000.0_snaps_true_seismo_true_mat_prem_fRank_1_test_4/finalFomState_sp_0
reading approx state /home/fnrizzi/romAccuracyT4/rom_mesh512x2048_nThreads_18_dt_0.1_T_2000.0_snaps_true_mat_prem_fRank_14_nPod_311_311/finalFomState_sp_4
 sp_fom_minmax    = -1.1636066741885316 1.1986252626742355
 sp_approx_minmax = -1.1837669571112335 1.2077451541217752
 sp_err_minmax    = -0.2663214800082893 0.1773191372054032
 sp_err_abs_rel_ltwo_norms = 5.7964831115044655 0.18294926810205958
 sp_err_abs_rel_linf_norms = 0.2663214800082893 0.222189109725673
