reading fom    state /home/fnrizzi/romAccuracyT4/fom_mesh512x2048_nThreads_36_dt_0.1_T_2000.0_snaps_true_seismo_true_mat_prem_fRank_1_test_8/finalFomState_sp_0
reading approx state /home/fnrizzi/romAccuracyT4/rom_mesh512x2048_nThreads_18_dt_0.1_T_2000.0_snaps_true_mat_prem_fRank_14_nPod_436_436/finalFomState_sp_8
 sp_fom_minmax    = -1.5470657008854076 1.472142316594941
 sp_approx_minmax = -1.5465354737097796 1.4720728713770392
 sp_err_minmax    = -0.0019621239786008493 0.003042224245856262
 sp_err_abs_rel_ltwo_norms = 0.09351799973024191 0.0024371788422677325
 sp_err_abs_rel_linf_norms = 0.003042224245856262 0.0019664479951401895
