reading fom    state /home/fnrizzi/romAccuracyT4/fom_mesh512x2048_nThreads_36_dt_0.1_T_2000.0_snaps_true_seismo_true_mat_prem_fRank_1_test_13/finalFomState_vp_0
reading approx state /home/fnrizzi/romAccuracyT4/rom_mesh512x2048_nThreads_18_dt_0.1_T_2000.0_snaps_true_mat_prem_fRank_14_nPod_436_436/finalFomState_vp_13
 vp_fom_minmax    = -3.959188791929077e-08 2.947016804189463e-08
 vp_approx_minmax = -3.958788423484435e-08 2.946528800187421e-08
 vp_err_minmax    = -1.8027838331269237e-11 1.4125643390152434e-11
 vp_err_abs_rel_ltwo_norms = 4.500279689489759e-10 0.0004068101767728667
 vp_err_abs_rel_linf_norms = 1.8027838331269237e-11 0.000455341719698225
