reading fom    state /home/fnrizzi/waveRuns/romAccuracyScenario1/train3_v2//fom_mesh256x1024_nThreads_36_dt_0.1_T_2000_snaps_true_seismo_true_mat_bilayer_fRank_1_test_13/state_timestep_20000_sp
reading approx state /home/fnrizzi/waveRuns/romAccuracyScenario1/train3_v2//rom_mesh256x1024_nThreads_18_dt_0.1_T_2000_snaps_true_mat_bilayer_fRank_1_nPod_1914_1914_test_13/fomReconstructedState_timestep_20000_sp
 sp_fom_minmax    = -0.007890712083200184 0.00563839536579213
 sp_approx_minmax = -0.018093525729591487 0.04094515478607262
 sp_err_minmax    = -0.040946763259327855 0.018125122083312545
 sp_err_abs_rel_ltwo_norms = 0.07159053531258487 0.1933666298240324
 sp_err_abs_rel_linf_norms = 0.040946763259327855 5.189235499607958
