reading fom    state /home/fnrizzi/waveRuns/romAccuracyScenario1/train3/fom_mesh256x1024_nThreads_36_dt_0.1_T_2000_snaps_true_seismo_true_mat_bilayer_fRank_1_test_11/state_timestep_20000_sp
reading approx state /home/fnrizzi/waveRuns/romAccuracyScenario1/train3/rom_mesh256x1024_nThreads_18_dt_0.1_T_2000_snaps_true_mat_bilayer_fRank_1_nPod_1050_1050_test_11/fomReconstructedState_timestep_20000_sp
 sp_fom_minmax    = -0.008464924751326737 0.005973911114910488
 sp_approx_minmax = -0.06192755809774012 0.032667651428558764
 sp_err_minmax    = -0.032668154665173615 0.061918738258403355
 sp_err_abs_rel_ltwo_norms = 0.09319437452753229 0.24979689515071574
 sp_err_abs_rel_linf_norms = 0.061918738258403355 7.314741722742262
