reading fom    state /home/fnrizzi/waveRuns/romAccuracyScenario1/train3/fom_mesh256x1024_nThreads_36_dt_0.1_T_2000_snaps_true_seismo_true_mat_bilayer_fRank_1_test_2/state_timestep_20000_vp
reading approx state /home/fnrizzi/waveRuns/romAccuracyScenario1/train3/rom_mesh256x1024_nThreads_18_dt_0.1_T_2000_snaps_true_mat_bilayer_fRank_1_nPod_26_26_test_2/fomReconstructedState_timestep_20000_vp
 vp_fom_minmax    = -2.6781294098337526e-10 3.5554227693485403e-10
 vp_approx_minmax = -1.484171722778101e-09 9.066280175044236e-10
 vp_err_minmax    = -9.071690933484178e-10 1.484403281767108e-09
 vp_err_abs_rel_ltwo_norms = 4.25303326260718e-08 3.0964319702650314
 vp_err_abs_rel_linf_norms = 1.484403281767108e-09 4.175040151523513
