reading fom    state /home/fnrizzi/waveRuns/romAccuracyScenario1/train3/fom_mesh256x1024_nThreads_36_dt_0.1_T_2000_snaps_true_seismo_true_mat_bilayer_fRank_1_test_2/state_timestep_20000_sp
reading approx state /home/fnrizzi/waveRuns/romAccuracyScenario1/train3/rom_mesh256x1024_nThreads_18_dt_0.1_T_2000_snaps_true_mat_bilayer_fRank_1_nPod_26_26_test_2/fomReconstructedState_timestep_20000_sp
 sp_fom_minmax    = -0.009246964340683369 0.006796716908885803
 sp_approx_minmax = -0.05105979548613107 0.05028963031209532
 sp_err_minmax    = -0.050292798813414134 0.051069776467186044
 sp_err_abs_rel_ltwo_norms = 0.8775409048925579 2.323617926336549
 sp_err_abs_rel_linf_norms = 0.051069776467186044 5.522869407260187
