reading fom    state /home/fnrizzi/waveRuns/romAccuracyScenario1/train3_v2//fom_mesh256x1024_nThreads_36_dt_0.1_T_2000_snaps_true_seismo_true_mat_bilayer_fRank_1_test_4/state_timestep_20000_vp
reading approx state /home/fnrizzi/waveRuns/romAccuracyScenario1/train3_v2//rom_mesh256x1024_nThreads_18_dt_0.1_T_2000_snaps_true_mat_bilayer_fRank_1_nPod_2227_2227_test_4/fomReconstructedState_timestep_20000_vp
 vp_fom_minmax    = -2.915331540457937e-10 3.6731199196009454e-10
 vp_approx_minmax = -2.9173687549679217e-10 3.683785231506727e-10
 vp_err_minmax    = -1.4578809454605023e-11 1.5152791350179974e-11
 vp_err_abs_rel_ltwo_norms = 2.8850138526781684e-10 0.02078106398772009
 vp_err_abs_rel_linf_norms = 1.5152791350179974e-11 0.04125318988176733
