reading fom    state /home/fnrizzi/waveRuns/romAccuracyScenario1/train3_v2//fom_mesh256x1024_nThreads_36_dt_0.1_T_2000_snaps_true_seismo_true_mat_bilayer_fRank_1_test_11/state_timestep_20000_sp
reading approx state /home/fnrizzi/waveRuns/romAccuracyScenario1/train3_v2//rom_mesh256x1024_nThreads_18_dt_0.1_T_2000_snaps_true_mat_bilayer_fRank_1_nPod_222_222_test_11/fomReconstructedState_timestep_20000_sp
 sp_fom_minmax    = -0.008419269717898732 0.0056689331623171885
 sp_approx_minmax = -0.008775376052966981 0.005704287032242877
 sp_err_minmax    = -0.0037168661305812685 0.004989152276320851
 sp_err_abs_rel_ltwo_norms = 0.050320413854231694 0.13702383114198538
 sp_err_abs_rel_linf_norms = 0.004989152276320851 0.5925872959877138
