reading fom    state /home/fnrizzi/waveRuns/romAccuracyScenario1/train3_v2//fom_mesh256x1024_nThreads_36_dt_0.1_T_2000_snaps_true_seismo_true_mat_bilayer_fRank_1_test_11/state_timestep_20000_vp
reading approx state /home/fnrizzi/waveRuns/romAccuracyScenario1/train3_v2//rom_mesh256x1024_nThreads_18_dt_0.1_T_2000_snaps_true_mat_bilayer_fRank_1_nPod_222_222_test_11/fomReconstructedState_timestep_20000_vp
 vp_fom_minmax    = -2.336509731008229e-10 3.559504912376944e-10
 vp_approx_minmax = -2.2873719848191318e-10 3.7292636996329374e-10
 vp_err_minmax    = -2.853463486466876e-10 1.488024268343675e-10
 vp_err_abs_rel_ltwo_norms = 1.9228154004994797e-09 0.14667402869966123
 vp_err_abs_rel_linf_norms = 2.853463486466876e-10 0.8016461717878086
