reading fom    state /home/fnrizzi/waveRuns/romAccuracyScenario1/train3/fom_mesh256x1024_nThreads_36_dt_0.1_T_2000_snaps_true_seismo_true_mat_bilayer_fRank_1_test_9/state_timestep_20000_sp
reading approx state /home/fnrizzi/waveRuns/romAccuracyScenario1/train3/rom_mesh256x1024_nThreads_18_dt_0.1_T_2000_snaps_true_mat_bilayer_fRank_1_nPod_2255_2255_test_9/fomReconstructedState_timestep_20000_sp
 sp_fom_minmax    = -0.009061482522348773 0.0064894097151584045
 sp_approx_minmax = -0.009074435571109306 0.00648968297183201
 sp_err_minmax    = -0.00038220516784373776 0.000205024008481407
 sp_err_abs_rel_ltwo_norms = 0.0032556624054794056 0.008652150293283938
 sp_err_abs_rel_linf_norms = 0.00038220516784373776 0.042179098938952504
