reading fom    state /home/fnrizzi/waveRuns/romAccuracyScenario1/train3/fom_mesh256x1024_nThreads_36_dt_0.1_T_2000_snaps_true_seismo_true_mat_bilayer_fRank_1_test_10/state_timestep_20000_sp
reading approx state /home/fnrizzi/waveRuns/romAccuracyScenario1/train3/rom_mesh256x1024_nThreads_18_dt_0.1_T_2000_snaps_true_mat_bilayer_fRank_1_nPod_1050_1050_test_10/fomReconstructedState_timestep_20000_sp
 sp_fom_minmax    = -0.011005515273360815 0.008653253273762637
 sp_approx_minmax = -697035882533236.1 1641865862710784.2
 sp_err_minmax    = -1641865862710784.2 697035882533236.1
 sp_err_abs_rel_ltwo_norms = 3154413251758316.5 7977937701143773.0
 sp_err_abs_rel_linf_norms = 1641865862710784.2 1.4918573296472275e+17
