reading fom    state /home/fnrizzi/waveRuns/romAccuracyScenario1/train3/fom_mesh256x1024_nThreads_36_dt_0.1_T_2000_snaps_true_seismo_true_mat_bilayer_fRank_1_test_13/state_timestep_20000_vp
reading approx state /home/fnrizzi/waveRuns/romAccuracyScenario1/train3/rom_mesh256x1024_nThreads_18_dt_0.1_T_2000_snaps_true_mat_bilayer_fRank_1_nPod_26_26_test_13/fomReconstructedState_timestep_20000_vp
 vp_fom_minmax    = -2.5007619759604187e-10 3.4131847806780713e-10
 vp_approx_minmax = -1.7751492328929117e-09 6.2334236817965e-10
 vp_err_minmax    = -6.246479271837003e-10 1.7755838505257487e-09
 vp_err_abs_rel_ltwo_norms = 3.528199822853298e-08 2.5936288781393735
 vp_err_abs_rel_linf_norms = 1.7755838505257487e-09 5.2021322155696685
