reading fom    state /home/fnrizzi/waveRuns/romAccuracyScenario1/train3_v2//fom_mesh256x1024_nThreads_36_dt_0.1_T_2000_snaps_true_seismo_true_mat_bilayer_fRank_1_test_8/state_timestep_20000_vp
reading approx state /home/fnrizzi/waveRuns/romAccuracyScenario1/train3_v2//rom_mesh256x1024_nThreads_18_dt_0.1_T_2000_snaps_true_mat_bilayer_fRank_1_nPod_2329_2329_test_8/fomReconstructedState_timestep_20000_vp
 vp_fom_minmax    = -3.2162516863651766e-10 3.723770933164741e-10
 vp_approx_minmax = -3.232098861688985e-10 3.7408331258609713e-10
 vp_err_minmax    = -2.209031915601918e-11 2.614213125280381e-11
 vp_err_abs_rel_ltwo_norms = 3.784864184535378e-10 0.026943186926011258
 vp_err_abs_rel_linf_norms = 2.614213125280381e-11 0.07020338179230122
