reading fom    state /home/fnrizzi/waveRuns/romAccuracyScenario1/train3/fom_mesh256x1024_nThreads_36_dt_0.1_T_2000_snaps_true_seismo_true_mat_bilayer_fRank_1_test_4/state_timestep_20000_sp
reading approx state /home/fnrizzi/waveRuns/romAccuracyScenario1/train3/rom_mesh256x1024_nThreads_18_dt_0.1_T_2000_snaps_true_mat_bilayer_fRank_1_nPod_2340_2340_test_4/fomReconstructedState_timestep_20000_sp
 sp_fom_minmax    = -0.009519839330177566 0.007797777071990026
 sp_approx_minmax = -0.009510434310043909 0.007814125758972935
 sp_err_minmax    = -0.00023612196078305562 0.00014820720300866958
 sp_err_abs_rel_ltwo_norms = 0.004364043836661784 0.011453211223251266
 sp_err_abs_rel_linf_norms = 0.00023612196078305562 0.024803145577736493
