reading fom    state /home/fnrizzi/waveRuns/romAccuracyScenario1/train3_v2//fom_mesh256x1024_nThreads_36_dt_0.1_T_2000_snaps_true_seismo_true_mat_bilayer_fRank_1_test_7/state_timestep_20000_sp
reading approx state /home/fnrizzi/waveRuns/romAccuracyScenario1/train3_v2//rom_mesh256x1024_nThreads_18_dt_0.1_T_2000_snaps_true_mat_bilayer_fRank_1_nPod_2227_2227_test_7/fomReconstructedState_timestep_20000_sp
 sp_fom_minmax    = -0.009497401743999287 0.007676364185175282
 sp_approx_minmax = -0.00955188459727267 0.007721103875590792
 sp_err_minmax    = -0.0030821693100633886 0.00698893608505084
 sp_err_abs_rel_ltwo_norms = 0.016398219407307468 0.04307266856229089
 sp_err_abs_rel_linf_norms = 0.00698893608505084 0.7358787459387656
