reading fom    state /home/fnrizzi/waveRuns/romAccuracyScenario1/train3_v2//fom_mesh256x1024_nThreads_36_dt_0.1_T_2000_snaps_true_seismo_true_mat_bilayer_fRank_1_test_12/state_timestep_20000_sp
reading approx state /home/fnrizzi/waveRuns/romAccuracyScenario1/train3_v2//rom_mesh256x1024_nThreads_18_dt_0.1_T_2000_snaps_true_mat_bilayer_fRank_1_nPod_2227_2227_test_12/fomReconstructedState_timestep_20000_sp
 sp_fom_minmax    = -0.009224853803041584 0.008569853232973768
 sp_approx_minmax = -0.015113718189608067 0.008569424101083288
 sp_err_minmax    = -0.0065837946232097455 0.015117072450538265
 sp_err_abs_rel_ltwo_norms = 0.02748628792289521 0.07169088087005335
 sp_err_abs_rel_linf_norms = 0.015117072450538265 1.6387330112000171
