reading fom    state /home/fnrizzi/waveRuns/romAccuracyScenario1/train3_v2//fom_mesh256x1024_nThreads_36_dt_0.1_T_2000_snaps_true_seismo_true_mat_bilayer_fRank_1_test_7/state_timestep_20000_sp
reading approx state /home/fnrizzi/waveRuns/romAccuracyScenario1/train3_v2//rom_mesh256x1024_nThreads_18_dt_0.1_T_2000_snaps_true_mat_bilayer_fRank_1_nPod_2385_2385_test_7/fomReconstructedState_timestep_20000_sp
 sp_fom_minmax    = -0.009497401743999287 0.007676364185175282
 sp_approx_minmax = -0.009509526704552528 0.007673125023745546
 sp_err_minmax    = -0.00025641136421355147 0.000248399356598115
 sp_err_abs_rel_ltwo_norms = 0.009810440621654435 0.025768764696382344
 sp_err_abs_rel_linf_norms = 0.00025641136421355147 0.026998053902011574
