reading fom    state /home/fnrizzi/waveRuns/romAccuracyScenario2/train2/fom_mesh512x2048_nThreads_36_dt_0.1_T_2000_snaps_true_seismo_true_mat_prem_fRank_1_test_5/state_timestep_20000_sp
reading approx state /home/fnrizzi/waveRuns/romAccuracyScenario2/train2/rom_mesh512x2048_nThreads_18_dt_0.1_T_2000_snaps_true_mat_prem_fRank_14_nPod_415_415/fomReconstructedState_timestep_20000_f_5_sp
 sp_fom_minmax    = -1.5911772184743067 1.5017164637347515
 sp_approx_minmax = -1.5903934478806727 1.5011877260100805
 sp_err_minmax    = -0.002736072415929547 0.004201972163150602
 sp_err_abs_rel_ltwo_norms = 0.12409116230852724 0.0031592671906919504
 sp_err_abs_rel_linf_norms = 0.004201972163150602 0.002640794572951242
