reading fom    state /home/fnrizzi/waveRuns/romAccuracyScenario2/train2/fom_mesh512x2048_nThreads_36_dt_0.1_T_2000_snaps_true_seismo_true_mat_prem_fRank_1_test_11/state_timestep_20000_vp
reading approx state /home/fnrizzi/waveRuns/romAccuracyScenario2/train2/rom_mesh512x2048_nThreads_18_dt_0.1_T_2000_snaps_true_mat_prem_fRank_14_nPod_415_415/fomReconstructedState_timestep_20000_f_11_vp
 vp_fom_minmax    = -3.53420896070475e-08 2.7250806865745653e-08
 vp_approx_minmax = -3.524419255952713e-08 2.7200547391524275e-08
 vp_err_minmax    = -3.353814105828706e-10 2.618805942855825e-10
 vp_err_abs_rel_ltwo_norms = 9.099028484040849e-09 0.009018570221244018
 vp_err_abs_rel_linf_norms = 3.353814105828706e-10 0.009489575016978984
