reading fom    state /home/fnrizzi/waveRuns/romAccuracyScenario2/train2//fom_mesh512x2048_nThreads_36_dt_0.1_T_2000_snaps_true_seismo_true_mat_prem_fRank_1_test_12/state_timestep_20000_sp
reading approx state /home/fnrizzi/waveRuns/romAccuracyScenario2/train2//rom_mesh512x2048_nThreads_18_dt_0.1_T_2000_snaps_true_mat_prem_fRank_14_nPod_311_311/fomReconstructedState_timestep_20000_f_12_sp
 sp_fom_minmax    = -1.9181854392302928 1.7386659448612778
 sp_approx_minmax = -1.9131297978145148 1.742574590990175
 sp_err_minmax    = -0.7420291796690485 1.483359857371489
 sp_err_abs_rel_ltwo_norms = 9.602375513308148 0.19881566647748833
 sp_err_abs_rel_linf_norms = 1.483359857371489 0.7733141056303265
