reading fom    state /home/fnrizzi/waveRuns/romAccuracyScenario2/train2//fom_mesh512x2048_nThreads_36_dt_0.1_T_2000_snaps_true_seismo_true_mat_prem_fRank_1_test_5/state_timestep_20000_vp
reading approx state /home/fnrizzi/waveRuns/romAccuracyScenario2/train2//rom_mesh512x2048_nThreads_18_dt_0.1_T_2000_snaps_true_mat_prem_fRank_14_nPod_311_311/fomReconstructedState_timestep_20000_f_5_vp
 vp_fom_minmax    = -1.0764616464143212e-07 1.0947607022853834e-07
 vp_approx_minmax = -1.039813343772531e-07 1.0815257621895713e-07
 vp_err_minmax    = -1.0873164363653762e-08 5.8496566303978775e-08
 vp_err_abs_rel_ltwo_norms = 4.0856307360011223e-07 0.17881242117038004
 vp_err_abs_rel_linf_norms = 5.8496566303978775e-08 0.5343319885511366
