reading fom    state /home/fnrizzi/waveRuns/romAccuracyScenario2/train2//fom_mesh512x2048_nThreads_36_dt_0.1_T_2000_snaps_true_seismo_true_mat_prem_fRank_1_test_8/state_timestep_20000_sp
reading approx state /home/fnrizzi/waveRuns/romAccuracyScenario2/train2//rom_mesh512x2048_nThreads_18_dt_0.1_T_2000_snaps_true_mat_prem_fRank_14_nPod_311_311/fomReconstructedState_timestep_20000_f_8_sp
 sp_fom_minmax    = -1.5470657008854076 1.472142316594941
 sp_approx_minmax = -1.5463975337932983 1.4852783425216476
 sp_err_minmax    = -0.3177242254381628 0.41539433326051417
 sp_err_abs_rel_ltwo_norms = 5.433180117663748 0.14159447023242638
 sp_err_abs_rel_linf_norms = 0.41539433326051417 0.26850464917086464
