reading fom    state /home/fnrizzi/waveRuns/romAccuracyScenario2/train2//fom_mesh512x2048_nThreads_36_dt_0.1_T_2000_snaps_true_seismo_true_mat_prem_fRank_1_test_9/state_timestep_20000_sp
reading approx state /home/fnrizzi/waveRuns/romAccuracyScenario2/train2//rom_mesh512x2048_nThreads_18_dt_0.1_T_2000_snaps_true_mat_prem_fRank_14_nPod_311_311/fomReconstructedState_timestep_20000_f_9_sp
 sp_fom_minmax    = -0.42112955016071196 0.43925576279258444
 sp_approx_minmax = -0.42989887279721506 0.42383691240145227
 sp_err_minmax    = -0.14875892309848437 0.0748945524668003
 sp_err_abs_rel_ltwo_norms = 2.7475151228631955 0.13764007522172136
 sp_err_abs_rel_linf_norms = 0.14875892309848437 0.3386612896157449
