reading fom    state /home/fnrizzi/waveRuns/romAccuracyScenario2/train2//fom_mesh512x2048_nThreads_36_dt_0.1_T_2000_snaps_true_seismo_true_mat_prem_fRank_1_test_13/state_timestep_20000_vp
reading approx state /home/fnrizzi/waveRuns/romAccuracyScenario2/train2//rom_mesh512x2048_nThreads_18_dt_0.1_T_2000_snaps_true_mat_prem_fRank_14_nPod_311_311/fomReconstructedState_timestep_20000_f_13_vp
 vp_fom_minmax    = -3.959188791929077e-08 2.947016804189463e-08
 vp_approx_minmax = -4.0708003787859425e-08 3.102426409277815e-08
 vp_err_minmax    = -9.325876736604867e-09 3.174198409378891e-09
 vp_err_abs_rel_ltwo_norms = 1.9629735322424852e-07 0.17744621773553906
 vp_err_abs_rel_linf_norms = 9.325876736604867e-09 0.23555019037273348
