reading fom    state /home/fnrizzi/waveRuns/romAccuracyScenario2/train2//fom_mesh512x2048_nThreads_36_dt_0.1_T_2000_snaps_true_seismo_true_mat_prem_fRank_1_test_3/state_timestep_20000_vp
reading approx state /home/fnrizzi/waveRuns/romAccuracyScenario2/train2//rom_mesh512x2048_nThreads_18_dt_0.1_T_2000_snaps_true_mat_prem_fRank_14_nPod_311_311/fomReconstructedState_timestep_20000_f_3_vp
 vp_fom_minmax    = -4.0715528577268895e-08 3.066340105088159e-08
 vp_approx_minmax = -4.192793382393969e-08 3.2337730149476256e-08
 vp_err_minmax    = -9.338808896772598e-09 3.6239599553821995e-09
 vp_err_abs_rel_ltwo_norms = 1.9222940560063578e-07 0.17004655324187123
 vp_err_abs_rel_linf_norms = 9.338808896772598e-09 0.2293672518348778
