reading fom    state /home/fnrizzi/waveRuns/romAccuracyScenario2/train2//fom_mesh512x2048_nThreads_36_dt_0.1_T_2000_snaps_true_seismo_true_mat_prem_fRank_1_test_4/state_timestep_20000_vp
reading approx state /home/fnrizzi/waveRuns/romAccuracyScenario2/train2//rom_mesh512x2048_nThreads_18_dt_0.1_T_2000_snaps_true_mat_prem_fRank_14_nPod_311_311/fomReconstructedState_timestep_20000_f_4_vp
 vp_fom_minmax    = -8.389318122707831e-08 7.931851793649922e-08
 vp_approx_minmax = -8.125049616052564e-08 7.707086495619368e-08
 vp_err_minmax    = -9.732514883923718e-09 3.450680719450857e-08
 vp_err_abs_rel_ltwo_norms = 3.27106798052079e-07 0.17667333770701055
 vp_err_abs_rel_linf_norms = 3.450680719450857e-08 0.41131837760576856
