reading fom    state /home/fnrizzi/waveRuns/romAccuracyScenario2/train2//fom_mesh512x2048_nThreads_36_dt_0.1_T_2000_snaps_true_seismo_true_mat_prem_fRank_1_test_13/state_timestep_20000_sp
reading approx state /home/fnrizzi/waveRuns/romAccuracyScenario2/train2//rom_mesh512x2048_nThreads_18_dt_0.1_T_2000_snaps_true_mat_prem_fRank_14_nPod_311_311/fomReconstructedState_timestep_20000_f_13_sp
 sp_fom_minmax    = -0.3882001245748058 0.39643063846874643
 sp_approx_minmax = -0.39112158760411336 0.3855838038644198
 sp_err_minmax    = -0.14433462408521033 0.07205520339636134
 sp_err_abs_rel_ltwo_norms = 2.8730798496897414 0.14957616823266812
 sp_err_abs_rel_linf_norms = 0.14433462408521033 0.36408544163669454
