reading fom    state /home/fnrizzi/waveRuns/romAccuracyScenario2/train2//fom_mesh512x2048_nThreads_36_dt_0.1_T_2000_snaps_true_seismo_true_mat_prem_fRank_1_test_6/state_timestep_20000_sp
reading approx state /home/fnrizzi/waveRuns/romAccuracyScenario2/train2//rom_mesh512x2048_nThreads_18_dt_0.1_T_2000_snaps_true_mat_prem_fRank_14_nPod_311_311/fomReconstructedState_timestep_20000_f_6_sp
 sp_fom_minmax    = -1.2055459987463144 1.2320072712135786
 sp_approx_minmax = -1.223454846060548 1.2410306613729774
 sp_err_minmax    = -0.26801843877358916 0.17724368973682586
 sp_err_abs_rel_ltwo_norms = 5.773343330720387 0.1784897685219193
 sp_err_abs_rel_linf_norms = 0.26801843877358916 0.21754615012099712
