reading fom    state /home/fnrizzi/waveRuns/romAccuracyScenario2/train2/fom_mesh512x2048_nThreads_36_dt_0.1_T_2000_snaps_true_seismo_true_mat_prem_fRank_1_test_10/state_timestep_20000_sp
reading approx state /home/fnrizzi/waveRuns/romAccuracyScenario2/train2/rom_mesh512x2048_nThreads_18_dt_0.1_T_2000_snaps_true_mat_prem_fRank_14_nPod_311_311/fomReconstructedState_timestep_20000_f_10_sp
 sp_fom_minmax    = -2.0760992946412564 1.8039889154082287
 sp_approx_minmax = -3.528041740871951 2.005013139696068
 sp_err_minmax    = -2.005013300530845 3.528041272882652
 sp_err_abs_rel_ltwo_norms = 24.16377128530713 0.4158506954863634
 sp_err_abs_rel_linf_norms = 3.528041272882652 1.6993605662258493
