reading fom    state /home/fnrizzi/waveRuns/romAccuracyScenario2/train2//fom_mesh512x2048_nThreads_36_dt_0.1_T_2000_snaps_true_seismo_true_mat_prem_fRank_1_test_7/state_timestep_20000_sp
reading approx state /home/fnrizzi/waveRuns/romAccuracyScenario2/train2//rom_mesh512x2048_nThreads_18_dt_0.1_T_2000_snaps_true_mat_prem_fRank_14_nPod_311_311/fomReconstructedState_timestep_20000_f_7_sp
 sp_fom_minmax    = -1.358115975068079 1.3459612899400317
 sp_approx_minmax = -1.367594434922292 1.348444132540881
 sp_err_minmax    = -0.2808168542864199 0.23559912247981096
 sp_err_abs_rel_ltwo_norms = 5.710242538870685 0.1637641207427236
 sp_err_abs_rel_linf_norms = 0.2808168542864199 0.20676942134661458
