reading fom    state /home/fnrizzi/waveRuns/romAccuracyScenario2/train2//fom_mesh512x2048_nThreads_36_dt_0.1_T_2000_snaps_true_seismo_true_mat_prem_fRank_1_test_3/state_timestep_20000_sp
reading approx state /home/fnrizzi/waveRuns/romAccuracyScenario2/train2//rom_mesh512x2048_nThreads_18_dt_0.1_T_2000_snaps_true_mat_prem_fRank_14_nPod_311_311/fomReconstructedState_timestep_20000_f_3_sp
 sp_fom_minmax    = -0.4049200801282478 0.4145446855028664
 sp_approx_minmax = -0.41085816339848946 0.39614879885862486
 sp_err_minmax    = -0.14572207496160758 0.07338021671832334
 sp_err_abs_rel_ltwo_norms = 2.7976946365262387 0.1427758522889545
 sp_err_abs_rel_linf_norms = 0.14572207496160758 0.3515232013765618
