reading fom    state /home/fnrizzi/waveRuns/romAccuracyScenario2/train2//fom_mesh512x2048_nThreads_36_dt_0.1_T_2000_snaps_true_seismo_true_mat_prem_fRank_1_test_7/state_timestep_20000_vp
reading approx state /home/fnrizzi/waveRuns/romAccuracyScenario2/train2//rom_mesh512x2048_nThreads_18_dt_0.1_T_2000_snaps_true_mat_prem_fRank_14_nPod_311_311/fomReconstructedState_timestep_20000_f_7_vp
 vp_fom_minmax    = -9.530837765569947e-08 9.31448076279754e-08
 vp_approx_minmax = -9.193289200292184e-08 9.117917651100391e-08
 vp_err_minmax    = -1.0035404278316967e-08 4.444534976690783e-08
 vp_err_abs_rel_ltwo_norms = 3.64997934163429e-07 0.1794730320838481
 vp_err_abs_rel_linf_norms = 4.444534976690783e-08 0.46633203565237674
