reading fom    state /home/fnrizzi/waveRuns/romAccuracyScenario2/train2//fom_mesh512x2048_nThreads_36_dt_0.1_T_2000_snaps_true_seismo_true_mat_prem_fRank_1_test_12/state_timestep_20000_vp
reading approx state /home/fnrizzi/waveRuns/romAccuracyScenario2/train2//rom_mesh512x2048_nThreads_18_dt_0.1_T_2000_snaps_true_mat_prem_fRank_14_nPod_311_311/fomReconstructedState_timestep_20000_f_12_vp
 vp_fom_minmax    = -1.203220505688684e-07 1.3162000284543027e-07
 vp_approx_minmax = -1.1816352684051447e-07 1.3138955472950084e-07
 vp_err_minmax    = -7.611623893418345e-08 1.092891785868039e-07
 vp_err_abs_rel_ltwo_norms = 6.72743196531122e-07 0.24036830404886186
 vp_err_abs_rel_linf_norms = 1.092891785868039e-07 0.8303386736372368
