reading fom    state /home/fnrizzi/waveRuns/romAccuracyScenario2/train2/fom_mesh512x2048_nThreads_36_dt_0.1_T_2000_snaps_true_seismo_true_mat_prem_fRank_1_test_9/state_timestep_20000_vp
reading approx state /home/fnrizzi/waveRuns/romAccuracyScenario2/train2/rom_mesh512x2048_nThreads_18_dt_0.1_T_2000_snaps_true_mat_prem_fRank_14_nPod_311_311/fomReconstructedState_timestep_20000_f_9_vp
 vp_fom_minmax    = -4.178010993194785e-08 3.1759270330385817e-08
 vp_approx_minmax = -4.305779284615086e-08 3.3534168189876565e-08
 vp_err_minmax    = -9.352155043619353e-09 4.2313906859054284e-09
 vp_err_abs_rel_ltwo_norms = 1.8960367852716443e-07 0.16439198521450832
 vp_err_abs_rel_linf_norms = 9.352155043619353e-09 0.22384227946868263
