reading fom    state /home/fnrizzi/waveRuns/romAccuracyScenario2/train2//fom_mesh512x2048_nThreads_36_dt_0.1_T_2000_snaps_true_seismo_true_mat_prem_fRank_1_test_4/state_timestep_20000_sp
reading approx state /home/fnrizzi/waveRuns/romAccuracyScenario2/train2//rom_mesh512x2048_nThreads_18_dt_0.1_T_2000_snaps_true_mat_prem_fRank_14_nPod_311_311/fomReconstructedState_timestep_20000_f_4_sp
 sp_fom_minmax    = -1.1636066741885316 1.1986252626742355
 sp_approx_minmax = -1.1836570755074827 1.2093853613869936
 sp_err_minmax    = -0.26416640295885196 0.17544883068819006
 sp_err_abs_rel_ltwo_norms = 5.741427371625663 0.18121159249395624
 sp_err_abs_rel_linf_norms = 0.26416640295885196 0.22039115241862509
