reading fom    state /home/fnrizzi/waveRuns/romAccuracyScenario2/train2//fom_mesh512x2048_nThreads_36_dt_0.1_T_2000_snaps_true_seismo_true_mat_prem_fRank_1_test_2/state_timestep_20000_vp
reading approx state /home/fnrizzi/waveRuns/romAccuracyScenario2/train2//rom_mesh512x2048_nThreads_18_dt_0.1_T_2000_snaps_true_mat_prem_fRank_14_nPod_311_311/fomReconstructedState_timestep_20000_f_2_vp
 vp_fom_minmax    = -4.792533511328501e-08 3.748258399512784e-08
 vp_approx_minmax = -4.9177126523492995e-08 3.9593026197691856e-08
 vp_err_minmax    = -9.422957983362861e-09 8.262359837999521e-09
 vp_err_abs_rel_ltwo_norms = 1.9530898505250322e-07 0.15165920845968858
 vp_err_abs_rel_linf_norms = 9.422957983362861e-09 0.19661746675508995
