reading fom    state /home/fnrizzi/waveRuns/romAccuracyScenario2/train2//fom_mesh512x2048_nThreads_36_dt_0.1_T_2000_snaps_true_seismo_true_mat_prem_fRank_1_test_2/state_timestep_20000_sp
reading approx state /home/fnrizzi/waveRuns/romAccuracyScenario2/train2//rom_mesh512x2048_nThreads_18_dt_0.1_T_2000_snaps_true_mat_prem_fRank_14_nPod_311_311/fomReconstructedState_timestep_20000_f_2_sp
 sp_fom_minmax    = -0.5323036033585555 0.5901295879730385
 sp_approx_minmax = -0.5532159049575169 0.5909723289065034
 sp_err_minmax    = -0.17335896686087784 0.09123888717627356
 sp_err_abs_rel_ltwo_norms = 2.939744968005458 0.13282816422888147
 sp_err_abs_rel_linf_norms = 0.17335896686087784 0.2937642348290426
