reading fom    state /home/fnrizzi/waveRuns/romAccuracyScenario1/train3/fom_mesh256x1024_nThreads_36_dt_0.1_T_2000_snaps_true_seismo_true_mat_bilayer_fRank_1_test_8/state_timestep_20000_vp
reading approx state /home/fnrizzi/waveRuns/romAccuracyScenario1/train3/rom_mesh256x1024_nThreads_18_dt_0.1_T_2000_snaps_true_mat_bilayer_fRank_1_nPod_1819_1819_test_8/fomReconstructedState_timestep_20000_vp
 vp_fom_minmax    = -3.316282419542549e-10 3.710817387922208e-10
 vp_approx_minmax = -2.4315004300136388e-08 1.9197756785155204e-08
 vp_err_minmax    = -1.919738127480964e-08 2.431592520885919e-08
 vp_err_abs_rel_ltwo_norms = 1.6565824067703744e-07 11.746514940920937
 vp_err_abs_rel_linf_norms = 2.431592520885919e-08 65.5271404300344
