reading fom    state /home/fnrizzi/waveRuns/romAccuracyScenario1/train3/fom_mesh256x1024_nThreads_36_dt_0.1_T_2000_snaps_true_seismo_true_mat_bilayer_fRank_1_test_7/state_timestep_20000_sp
reading approx state /home/fnrizzi/waveRuns/romAccuracyScenario1/train3/rom_mesh256x1024_nThreads_18_dt_0.1_T_2000_snaps_true_mat_bilayer_fRank_1_nPod_1819_1819_test_7/fomReconstructedState_timestep_20000_sp
 sp_fom_minmax    = -0.009468512746925922 0.008017693474849765
 sp_approx_minmax = -12.135358210227723 5.393184859725956
 sp_err_minmax    = -5.393177850409741 12.135365133877972
 sp_err_abs_rel_ltwo_norms = 20.022232874153428 52.458250868572236
 sp_err_abs_rel_linf_norms = 12.135365133877972 1281.6548341045302
