reading fom    state /home/fnrizzi/waveRuns/romAccuracyScenario1/train3/fom_mesh256x1024_nThreads_36_dt_0.1_T_2000_snaps_true_seismo_true_mat_bilayer_fRank_1_test_1/state_timestep_20000_vp
reading approx state /home/fnrizzi/waveRuns/romAccuracyScenario1/train3/rom_mesh256x1024_nThreads_18_dt_0.1_T_2000_snaps_true_mat_bilayer_fRank_1_nPod_26_26_test_1/fomReconstructedState_timestep_20000_vp
 vp_fom_minmax    = -2.6789588453674096e-10 3.5561590732223824e-10
 vp_approx_minmax = -1.4735764600928586e-09 9.121008488967363e-10
 vp_err_minmax    = -9.126790431065451e-10 1.473845220365311e-09
 vp_err_abs_rel_ltwo_norms = 4.256546941048299e-08 3.098839141180422
 vp_err_abs_rel_linf_norms = 1.473845220365311e-09 4.144486199909497
