reading fom    state /home/fnrizzi/waveRuns/romAccuracyScenario1/train3/fom_mesh256x1024_nThreads_36_dt_0.1_T_2000_snaps_true_seismo_true_mat_bilayer_fRank_1_test_0/state_timestep_20000_sp
reading approx state /home/fnrizzi/waveRuns/romAccuracyScenario1/train3/rom_mesh256x1024_nThreads_18_dt_0.1_T_2000_snaps_true_mat_bilayer_fRank_1_nPod_204_204_test_0/fomReconstructedState_timestep_20000_sp
 sp_fom_minmax    = -0.009471013545517354 0.00734761459950312
 sp_approx_minmax = -0.00952245520680405 0.007291688715923207
 sp_err_minmax    = -0.003474105975347344 0.004300197283684032
 sp_err_abs_rel_ltwo_norms = 0.023469460770754125 0.06182009686420948
 sp_err_abs_rel_linf_norms = 0.004300197283684032 0.4540377081098488
