reading fom    state /home/fnrizzi/waveRuns/romAccuracyScenario1/train3_v2//fom_mesh256x1024_nThreads_36_dt_0.1_T_2000_snaps_true_seismo_true_mat_bilayer_fRank_1_test_5/state_timestep_20000_vp
reading approx state /home/fnrizzi/waveRuns/romAccuracyScenario1/train3_v2//rom_mesh256x1024_nThreads_18_dt_0.1_T_2000_snaps_true_mat_bilayer_fRank_1_nPod_2329_2329_test_5/fomReconstructedState_timestep_20000_vp
 vp_fom_minmax    = -3.2456747360796656e-10 3.7239022130469186e-10
 vp_approx_minmax = -3.260143342580418e-10 3.744859653080733e-10
 vp_err_minmax    = -1.6038342917432728e-11 3.099234345743209e-11
 vp_err_abs_rel_ltwo_norms = 3.684278562196242e-10 0.026193380181132517
 vp_err_abs_rel_linf_norms = 3.099234345743209e-11 0.0832254492313158
