reading fom    state /home/fnrizzi/romAccuracyT4/fom_mesh512x2048_nThreads_36_dt_0.1_T_2000.0_snaps_true_seismo_true_mat_prem_fRank_1_test_0/finalFomState_sp_0
reading approx state /home/fnrizzi/romAccuracyT4/rom_mesh512x2048_nThreads_18_dt_0.1_T_2000.0_snaps_true_mat_prem_fRank_14_nPod_436_436/finalFomState_sp_0
 sp_fom_minmax    = -0.8303701152900599 0.9035025046754709
 sp_approx_minmax = -0.8309564751104608 0.9038514794062409
 sp_err_minmax    = -0.0023666549629869083 0.0018861221115061277
 sp_err_abs_rel_ltwo_norms = 0.07826786705500137 0.0029338189165248395
 sp_err_abs_rel_linf_norms = 0.0023666549629869083 0.0026194226919569936
