reading fom    state /home/fnrizzi/romAccuracyT4/fom_mesh512x2048_nThreads_36_dt_0.1_T_2000.0_snaps_true_seismo_true_mat_prem_fRank_1_test_6/finalFomState_vp_0
reading approx state /home/fnrizzi/romAccuracyT4/rom_mesh512x2048_nThreads_18_dt_0.1_T_2000.0_snaps_true_mat_prem_fRank_14_nPod_436_436/finalFomState_vp_6
 vp_fom_minmax    = -8.643974753651675e-08 8.230998906129439e-08
 vp_approx_minmax = -8.639485576889445e-08 8.231194599747362e-08
 vp_err_minmax    = -9.555661816203142e-11 1.3633488043599853e-10
 vp_err_abs_rel_ltwo_norms = 3.4652731537853776e-09 0.001834001406853868
 vp_err_abs_rel_linf_norms = 1.3633488043599853e-10 0.0015772244172555388
