reading fom    state /home/fnrizzi/romAccuracyT4/fom_mesh512x2048_nThreads_36_dt_0.1_T_2000.0_snaps_true_seismo_true_mat_prem_fRank_1_test_10/finalFomState_sp_0
reading approx state /home/fnrizzi/romAccuracyT4/rom_mesh512x2048_nThreads_18_dt_0.1_T_2000.0_snaps_true_mat_prem_fRank_14_nPod_436_436/finalFomState_sp_10
 sp_fom_minmax    = -2.0760992946412564 1.8039889154082287
 sp_approx_minmax = -2.075927642805378 1.803311661065776
 sp_err_minmax    = -0.03543866325221669 0.027492044478852
 sp_err_abs_rel_ltwo_norms = 0.3756235059922772 0.0064643591583278485
 sp_err_abs_rel_linf_norms = 0.03543866325221669 0.017069830592250347
