reading fom    state /home/fnrizzi/romAccuracyT4/fom_mesh512x2048_nThreads_36_dt_0.1_T_2000.0_snaps_true_seismo_true_mat_prem_fRank_1_test_8/finalFomState_vp_0
reading approx state /home/fnrizzi/romAccuracyT4/rom_mesh512x2048_nThreads_18_dt_0.1_T_2000.0_snaps_true_mat_prem_fRank_14_nPod_436_436/finalFomState_vp_8
 vp_fom_minmax    = -1.0545110907453144e-07 1.0641232331090344e-07
 vp_approx_minmax = -1.0540413062243327e-07 1.0639448777534116e-07
 vp_err_minmax    = -1.8363663708345765e-10 1.8963777253303235e-10
 vp_err_abs_rel_ltwo_norms = 8.603444828090761e-09 0.0038524324610431982
 vp_err_abs_rel_linf_norms = 1.8963777253303235e-10 0.001782103487948198
