reading fom    state /home/fnrizzi/waveRuns/romAccuracyScenario1/train3/fom_mesh256x1024_nThreads_36_dt_0.1_T_2000_snaps_true_seismo_true_mat_bilayer_fRank_1_test_7/state_timestep_20000_sp
reading approx state /home/fnrizzi/waveRuns/romAccuracyScenario1/train3/rom_mesh256x1024_nThreads_18_dt_0.1_T_2000_snaps_true_mat_bilayer_fRank_1_nPod_2340_2340_test_7/fomReconstructedState_timestep_20000_sp
 sp_fom_minmax    = -0.009468512746925922 0.008017693474849765
 sp_approx_minmax = -0.009458742863512282 0.008036461845155515
 sp_err_minmax    = -0.00024349784442320076 0.00033674939112464695
 sp_err_abs_rel_ltwo_norms = 0.0055373154768566845 0.01450776675354484
 sp_err_abs_rel_linf_norms = 0.00033674939112464695 0.03556518326851037
