reading fom    state /home/fnrizzi/waveRuns/romAccuracyScenario1/train3_v2//fom_mesh256x1024_nThreads_36_dt_0.1_T_2000_snaps_true_seismo_true_mat_bilayer_fRank_1_test_3/state_timestep_20000_sp
reading approx state /home/fnrizzi/waveRuns/romAccuracyScenario1/train3_v2//rom_mesh256x1024_nThreads_18_dt_0.1_T_2000_snaps_true_mat_bilayer_fRank_1_nPod_2329_2329_test_3/fomReconstructedState_timestep_20000_sp
 sp_fom_minmax    = -0.008017887323481075 0.005703603903273843
 sp_approx_minmax = -0.008032997494929507 0.005695275282726247
 sp_err_minmax    = -0.0019693862789691976 0.0008697021950669181
 sp_err_abs_rel_ltwo_norms = 0.005359565613100844 0.01445545936987791
 sp_err_abs_rel_linf_norms = 0.0019693862789691976 0.24562409017668282
