reading fom    state /home/fnrizzi/waveRuns/romAccuracyScenario1/train3_v2//fom_mesh256x1024_nThreads_36_dt_0.1_T_2000_snaps_true_seismo_true_mat_bilayer_fRank_1_test_6/state_timestep_20000_sp
reading approx state /home/fnrizzi/waveRuns/romAccuracyScenario1/train3_v2//rom_mesh256x1024_nThreads_18_dt_0.1_T_2000_snaps_true_mat_bilayer_fRank_1_nPod_1914_1914_test_6/fomReconstructedState_timestep_20000_sp
 sp_fom_minmax    = -0.00948057775187075 0.007412992481106251
 sp_approx_minmax = -0.015831591290896455 0.00742178672934231
 sp_err_minmax    = -0.006423869575639161 0.015840747815174566
 sp_err_abs_rel_ltwo_norms = 0.028458429370232664 0.07491258839481309
 sp_err_abs_rel_linf_norms = 0.015840747815174566 1.6708631298391914
