reading fom    state /home/fnrizzi/romAccuracyT4/fom_mesh512x2048_nThreads_36_dt_0.1_T_2000.0_snaps_true_seismo_true_mat_prem_fRank_1_test_4/finalFomState_sp_0
reading approx state /home/fnrizzi/romAccuracyT4/rom_mesh512x2048_nThreads_18_dt_0.1_T_2000.0_snaps_true_mat_prem_fRank_14_nPod_275_275/finalFomState_sp_4
 sp_fom_minmax    = -1.1636066741885316 1.1986252626742355
 sp_approx_minmax = -1.2255931122264994 1.1548451100464363
 sp_err_minmax    = -0.7041793142797194 0.7032649323707681
 sp_err_abs_rel_ltwo_norms = 11.51717130028971 0.3635062881166863
 sp_err_abs_rel_linf_norms = 0.7041793142797194 0.5874891312641243
