reading fom    state /home/fnrizzi/waveRuns/romAccuracyScenario1/train3_v2//fom_mesh256x1024_nThreads_36_dt_0.1_T_2000_snaps_true_seismo_true_mat_bilayer_fRank_1_test_5/state_timestep_20000_vp
reading approx state /home/fnrizzi/waveRuns/romAccuracyScenario1/train3_v2//rom_mesh256x1024_nThreads_18_dt_0.1_T_2000_snaps_true_mat_bilayer_fRank_1_nPod_28_28_test_5/fomReconstructedState_timestep_20000_vp
 vp_fom_minmax    = -3.2456747360796656e-10 3.7239022130469186e-10
 vp_approx_minmax = -1.1915963352766117e-09 2.1887198273894206e-09
 vp_err_minmax    = -2.189512140750984e-09 1.1908252922764238e-09
 vp_err_abs_rel_ltwo_norms = 3.5832919360762335e-08 2.547541571495099
 vp_err_abs_rel_linf_norms = 2.189512140750984e-09 5.879617711442299
