reading fom    state /home/fnrizzi/waveRuns/romAccuracyScenario1/train3_v2//fom_mesh256x1024_nThreads_36_dt_0.1_T_2000_snaps_true_seismo_true_mat_bilayer_fRank_1_test_12/state_timestep_20000_sp
reading approx state /home/fnrizzi/waveRuns/romAccuracyScenario1/train3_v2//rom_mesh256x1024_nThreads_18_dt_0.1_T_2000_snaps_true_mat_bilayer_fRank_1_nPod_2385_2385_test_12/fomReconstructedState_timestep_20000_sp
 sp_fom_minmax    = -0.009224853803041584 0.008569853232973768
 sp_approx_minmax = -0.009224837285863723 0.008570198225879115
 sp_err_minmax    = -1.2946466311108426e-05 1.735171403238008e-05
 sp_err_abs_rel_ltwo_norms = 0.00012003894639312784 0.00031309057919269535
 sp_err_abs_rel_linf_norms = 1.735171403238008e-05 0.0018809744200671168
