reading fom    state /home/fnrizzi/waveRuns/romAccuracyScenario1/train3_v2//fom_mesh256x1024_nThreads_36_dt_0.1_T_2000_snaps_true_seismo_true_mat_bilayer_fRank_1_test_12/state_timestep_20000_vp
reading approx state /home/fnrizzi/waveRuns/romAccuracyScenario1/train3_v2//rom_mesh256x1024_nThreads_18_dt_0.1_T_2000_snaps_true_mat_bilayer_fRank_1_nPod_2385_2385_test_12/fomReconstructedState_timestep_20000_vp
 vp_fom_minmax    = -3.483618281468883e-10 3.6712963356963777e-10
 vp_approx_minmax = -3.4840220703217365e-10 3.671277839889608e-10
 vp_err_minmax    = -1.0939161657401534e-12 4.713595051046623e-13
 vp_err_abs_rel_ltwo_norms = 8.928019698589575e-12 0.0006283277913736606
 vp_err_abs_rel_linf_norms = 1.0939161657401534e-12 0.0029796455140488065
