reading fom    state /home/fnrizzi/waveRuns/romAccuracyScenario2/train2/fom_mesh512x2048_nThreads_36_dt_0.1_T_2000_snaps_true_seismo_true_mat_prem_fRank_1_test_1/state_timestep_20000_vp
reading approx state /home/fnrizzi/waveRuns/romAccuracyScenario2/train2/rom_mesh512x2048_nThreads_18_dt_0.1_T_2000_snaps_true_mat_prem_fRank_14_nPod_369_369/fomReconstructedState_timestep_20000_f_1_vp
 vp_fom_minmax    = -4.797190215602297e-08 3.7522259867295666e-08
 vp_approx_minmax = -4.796415730843301e-08 3.781738681380995e-08
 vp_err_minmax    = -7.232624875215595e-10 8.00744414054919e-10
 vp_err_abs_rel_ltwo_norms = 3.169696876786634e-08 0.02459295803284937
 vp_err_abs_rel_linf_norms = 8.00744414054919e-10 0.016691946286611525
