reading fom    state /home/fnrizzi/waveRuns/romAccuracyScenario2/train2/fom_mesh512x2048_nThreads_36_dt_0.1_T_2000_snaps_true_seismo_true_mat_prem_fRank_1_test_3/state_timestep_20000_vp
reading approx state /home/fnrizzi/waveRuns/romAccuracyScenario2/train2/rom_mesh512x2048_nThreads_18_dt_0.1_T_2000_snaps_true_mat_prem_fRank_14_nPod_342_342/fomReconstructedState_timestep_20000_f_3_vp
 vp_fom_minmax    = -4.0715528577268895e-08 3.066340105088159e-08
 vp_approx_minmax = -4.0968193112153686e-08 3.048924472783871e-08
 vp_err_minmax    = -6.140087069667029e-10 1.9114856306131432e-09
 vp_err_abs_rel_ltwo_norms = 3.272713264241465e-08 0.028950493218992394
 vp_err_abs_rel_linf_norms = 1.9114856306131432e-09 0.04694733673874758
