reading fom    state /home/fnrizzi/waveRuns/romAccuracyScenario2/train2/fom_mesh512x2048_nThreads_36_dt_0.1_T_2000_snaps_true_seismo_true_mat_prem_fRank_1_test_2/state_timestep_20000_sp
reading approx state /home/fnrizzi/waveRuns/romAccuracyScenario2/train2/rom_mesh512x2048_nThreads_18_dt_0.1_T_2000_snaps_true_mat_prem_fRank_14_nPod_342_342/fomReconstructedState_timestep_20000_f_2_sp
 sp_fom_minmax    = -0.5323036033585555 0.5901295879730385
 sp_approx_minmax = -0.5333639282400429 0.5942086289548256
 sp_err_minmax    = -0.018041801066694896 0.02096295532343001
 sp_err_abs_rel_ltwo_norms = 0.7427211022501561 0.03355878881319219
 sp_err_abs_rel_linf_norms = 0.02096295532343001 0.03552263053854496
