reading fom    state /home/fnrizzi/waveRuns/romAccuracyScenario1/train3//fom_mesh256x1024_nThreads_36_dt_0.1_T_2000_snaps_true_seismo_true_mat_bilayer_fRank_1_test_10/state_timestep_20000_sp
reading approx state /home/fnrizzi/waveRuns/romAccuracyScenario1/train3//rom_mesh256x1024_nThreads_18_dt_0.1_T_2000_snaps_true_mat_bilayer_fRank_1_nPod_26_26_test_10/fomReconstructedState_timestep_20000_sp
 sp_fom_minmax    = -0.008965573843383558 0.00881978720381134
 sp_approx_minmax = -0.01819527419271517 0.02399442161307512
 sp_err_minmax    = -0.02400177983404159 0.018194736313750928
 sp_err_abs_rel_ltwo_norms = 0.7876382473342739 2.047316440957554
 sp_err_abs_rel_linf_norms = 0.02400177983404159 2.677104695507527
