reading fom    state /home/fnrizzi/waveRuns/romAccuracyScenario1/train3/fom_mesh256x1024_nThreads_36_dt_0.1_T_2000_snaps_true_seismo_true_mat_bilayer_fRank_1_test_11/state_timestep_20000_vp
reading approx state /home/fnrizzi/waveRuns/romAccuracyScenario1/train3/rom_mesh256x1024_nThreads_18_dt_0.1_T_2000_snaps_true_mat_bilayer_fRank_1_nPod_204_204_test_11/fomReconstructedState_timestep_20000_vp
 vp_fom_minmax    = -2.3192295436893545e-10 3.1914482917700973e-10
 vp_approx_minmax = -2.328343705759613e-10 3.241263635592319e-10
 vp_err_minmax    = -1.4170277183664523e-10 1.863316060439782e-10
 vp_err_abs_rel_ltwo_norms = 1.8177656386815473e-09 0.13525338142617935
 vp_err_abs_rel_linf_norms = 1.863316060439782e-10 0.5838465455463534
