reading fom    state /home/fnrizzi/waveRuns/romAccuracyScenario2/train2//fom_mesh512x2048_nThreads_36_dt_0.1_T_2000_snaps_true_seismo_true_mat_prem_fRank_1_test_0/state_timestep_20000_vp
reading approx state /home/fnrizzi/waveRuns/romAccuracyScenario2/train2//rom_mesh512x2048_nThreads_18_dt_0.1_T_2000_snaps_true_mat_prem_fRank_14_nPod_311_276/fomReconstructedState_timestep_20000_f_0_vp
 vp_fom_minmax    = -6.211123254338066e-08 5.62863979675722e-08
 vp_approx_minmax = -6.144296538671988e-08 6.228338326975673e-08
 vp_err_minmax    = -1.5810002236392623e-08 1.3076773572981074e-08
 vp_err_abs_rel_ltwo_norms = 4.38491437486018e-07 0.2809302890052171
 vp_err_abs_rel_linf_norms = 1.5810002236392623e-08 0.2545433666181131
