reading fom    state /home/fnrizzi/waveRuns/romAccuracyScenario2/train2//fom_mesh512x2048_nThreads_36_dt_0.1_T_2000_snaps_true_seismo_true_mat_prem_fRank_1_test_11/state_timestep_20000_sp
reading approx state /home/fnrizzi/waveRuns/romAccuracyScenario2/train2//rom_mesh512x2048_nThreads_18_dt_0.1_T_2000_snaps_true_mat_prem_fRank_14_nPod_311_276/fomReconstructedState_timestep_20000_f_11_sp
 sp_fom_minmax    = -0.3438349054478519 0.37960949010065237
 sp_approx_minmax = -0.34812055363082145 0.3911714827264896
 sp_err_minmax    = -0.14307561722728823 0.34812088168174854
 sp_err_abs_rel_ltwo_norms = 11.138409065126455 0.630946162780778
 sp_err_abs_rel_linf_norms = 0.34812088168174854 0.9170499967991983
