reading fom    state /home/fnrizzi/waveRuns/romAccuracyScenario2/train2//fom_mesh512x2048_nThreads_36_dt_0.1_T_2000_snaps_true_seismo_true_mat_prem_fRank_1_test_0/state_timestep_20000_sp
reading approx state /home/fnrizzi/waveRuns/romAccuracyScenario2/train2//rom_mesh512x2048_nThreads_18_dt_0.1_T_2000_snaps_true_mat_prem_fRank_14_nPod_311_276/fomReconstructedState_timestep_20000_f_0_sp
 sp_fom_minmax    = -0.8303701152900599 0.9035025046754709
 sp_approx_minmax = -0.8675624912951294 0.8703132728604517
 sp_err_minmax    = -0.1419507810571139 0.18061561580023644
 sp_err_abs_rel_ltwo_norms = 7.37370849276646 0.27639855632983845
 sp_err_abs_rel_linf_norms = 0.18061561580023644 0.1999060488106912
