reading fom    state /home/fnrizzi/waveRuns/romAccuracyScenario2/train2//fom_mesh512x2048_nThreads_36_dt_0.1_T_2000_snaps_true_seismo_true_mat_prem_fRank_1_test_13/state_timestep_20000_vp
reading approx state /home/fnrizzi/waveRuns/romAccuracyScenario2/train2//rom_mesh512x2048_nThreads_18_dt_0.1_T_2000_snaps_true_mat_prem_fRank_14_nPod_311_276/fomReconstructedState_timestep_20000_f_13_vp
 vp_fom_minmax    = -3.959188791929077e-08 2.947016804189463e-08
 vp_approx_minmax = -3.495325095908181e-08 2.5996143643601374e-08
 vp_err_minmax    = -7.29640803150665e-09 1.9958283339758775e-08
 vp_err_abs_rel_ltwo_norms = 5.178739080725853e-07 0.4681406281949338
 vp_err_abs_rel_linf_norms = 1.9958283339758775e-08 0.504100319248335
