reading fom    state /home/fnrizzi/waveRuns/romAccuracyScenario2/train2//fom_mesh512x2048_nThreads_36_dt_0.1_T_2000_snaps_true_seismo_true_mat_prem_fRank_1_test_2/state_timestep_20000_vp
reading approx state /home/fnrizzi/waveRuns/romAccuracyScenario2/train2//rom_mesh512x2048_nThreads_18_dt_0.1_T_2000_snaps_true_mat_prem_fRank_14_nPod_311_276/fomReconstructedState_timestep_20000_f_2_vp
 vp_fom_minmax    = -4.792533511328501e-08 3.748258399512784e-08
 vp_approx_minmax = -4.277708679473093e-08 3.9319607137765165e-08
 vp_err_minmax    = -1.13413909005365e-08 1.5853163513973404e-08
 vp_err_abs_rel_ltwo_norms = 4.460411145412678e-07 0.346354994132099
 vp_err_abs_rel_linf_norms = 1.5853163513973404e-08 0.33078878794483113
