reading fom    state /home/fnrizzi/waveRuns/romAccuracyScenario2/train2//fom_mesh512x2048_nThreads_36_dt_0.1_T_2000_snaps_true_seismo_true_mat_prem_fRank_1_test_3/state_timestep_20000_vp
reading approx state /home/fnrizzi/waveRuns/romAccuracyScenario2/train2//rom_mesh512x2048_nThreads_18_dt_0.1_T_2000_snaps_true_mat_prem_fRank_14_nPod_311_276/fomReconstructedState_timestep_20000_f_3_vp
 vp_fom_minmax    = -4.0715528577268895e-08 3.066340105088159e-08
 vp_approx_minmax = -3.5929263691545185e-08 2.756504022018296e-08
 vp_err_minmax    = -7.386648540482296e-09 1.9306356653686274e-08
 vp_err_abs_rel_ltwo_norms = 5.043607083458967e-07 0.4461585873236698
 vp_err_abs_rel_linf_norms = 1.9306356653686274e-08 0.4741767411184939
