reading fom    state /home/fnrizzi/waveRuns/romAccuracyScenario2/train2//fom_mesh512x2048_nThreads_36_dt_0.1_T_2000_snaps_true_seismo_true_mat_prem_fRank_1_test_3/state_timestep_20000_sp
reading approx state /home/fnrizzi/waveRuns/romAccuracyScenario2/train2//rom_mesh512x2048_nThreads_18_dt_0.1_T_2000_snaps_true_mat_prem_fRank_14_nPod_311_276/fomReconstructedState_timestep_20000_f_3_sp
 sp_fom_minmax    = -0.4049200801282478 0.4145446855028664
 sp_approx_minmax = -0.4424092192473461 0.47441669143168025
 sp_err_minmax    = -0.12787190973718784 0.29689730505382506
 sp_err_abs_rel_ltwo_norms = 9.384263976135152 0.4789108395907179
 sp_err_abs_rel_linf_norms = 0.29689730505382506 0.7162009680420137
