reading fom    state /home/fnrizzi/waveRuns/romAccuracyScenario2/train2//fom_mesh512x2048_nThreads_36_dt_0.1_T_2000_snaps_true_seismo_true_mat_prem_fRank_1_test_2/state_timestep_20000_sp
reading approx state /home/fnrizzi/waveRuns/romAccuracyScenario2/train2//rom_mesh512x2048_nThreads_18_dt_0.1_T_2000_snaps_true_mat_prem_fRank_14_nPod_311_276/fomReconstructedState_timestep_20000_f_2_sp
 sp_fom_minmax    = -0.5323036033585555 0.5901295879730385
 sp_approx_minmax = -0.5918915118076774 0.6333840475152808
 sp_err_minmax    = -0.11113583311629689 0.24496038305305717
 sp_err_abs_rel_ltwo_norms = 7.971751711317519 0.3601921789226392
 sp_err_abs_rel_linf_norms = 0.24496038305305717 0.41509591799055634
