reading fom    state /home/fnrizzi/waveRuns/romAccuracyScenario2/train2//fom_mesh512x2048_nThreads_36_dt_0.1_T_2000_snaps_true_seismo_true_mat_prem_fRank_1_test_8/state_timestep_20000_sp
reading approx state /home/fnrizzi/waveRuns/romAccuracyScenario2/train2//rom_mesh512x2048_nThreads_18_dt_0.1_T_2000_snaps_true_mat_prem_fRank_14_nPod_311_276/fomReconstructedState_timestep_20000_f_8_sp
 sp_fom_minmax    = -1.5470657008854076 1.472142316594941
 sp_approx_minmax = -1.5160911177993235 1.3332742224348875
 sp_err_minmax    = -0.2383886984322503 0.1613800923642551
 sp_err_abs_rel_ltwo_norms = 6.701633774940067 0.1746517257856721
 sp_err_abs_rel_linf_norms = 0.2383886984322503 0.1540908691181099
