reading fom    state /home/fnrizzi/waveRuns/romAccuracyScenario2/train2//fom_mesh512x2048_nThreads_36_dt_0.1_T_2000_snaps_true_seismo_true_mat_prem_fRank_1_test_12/state_timestep_20000_sp
reading approx state /home/fnrizzi/waveRuns/romAccuracyScenario2/train2//rom_mesh512x2048_nThreads_18_dt_0.1_T_2000_snaps_true_mat_prem_fRank_14_nPod_311_276/fomReconstructedState_timestep_20000_f_12_sp
 sp_fom_minmax    = -1.9181854392302928 1.7386659448612778
 sp_approx_minmax = -1.8835621150673822 1.6880411351713336
 sp_err_minmax    = -0.5064445318890793 0.2696336593831129
 sp_err_abs_rel_ltwo_norms = 6.189041776553023 0.12814313124466545
 sp_err_abs_rel_linf_norms = 0.5064445318890793 0.2640227172677838
