reading fom    state /home/fnrizzi/waveRuns/romAccuracyScenario2/train2//fom_mesh512x2048_nThreads_36_dt_0.1_T_2000_snaps_true_seismo_true_mat_prem_fRank_1_test_4/state_timestep_20000_sp
reading approx state /home/fnrizzi/waveRuns/romAccuracyScenario2/train2//rom_mesh512x2048_nThreads_18_dt_0.1_T_2000_snaps_true_mat_prem_fRank_14_nPod_311_276/fomReconstructedState_timestep_20000_f_4_sp
 sp_fom_minmax    = -1.1636066741885316 1.1986252626742355
 sp_approx_minmax = -1.164608642008632 1.0860267755083899
 sp_err_minmax    = -0.2425188260579897 0.15592053069823902
 sp_err_abs_rel_ltwo_norms = 7.458189635841644 0.23539624096126274
 sp_err_abs_rel_linf_norms = 0.2425188260579897 0.20233081481772663
