reading fom    state /home/fnrizzi/waveRuns/romAccuracyScenario2/train2//fom_mesh512x2048_nThreads_36_dt_0.1_T_2000_snaps_true_seismo_true_mat_prem_fRank_1_test_8/state_timestep_20000_vp
reading approx state /home/fnrizzi/waveRuns/romAccuracyScenario2/train2//rom_mesh512x2048_nThreads_18_dt_0.1_T_2000_snaps_true_mat_prem_fRank_14_nPod_311_276/fomReconstructedState_timestep_20000_f_8_vp
 vp_fom_minmax    = -1.0545110907453144e-07 1.0641232331090344e-07
 vp_approx_minmax = -1.062729819406169e-07 1.0909461866651402e-07
 vp_err_minmax    = -2.307772450729713e-08 9.915555182036039e-09
 vp_err_abs_rel_ltwo_norms = 3.8947298268306677e-07 0.17439739443537852
 vp_err_abs_rel_linf_norms = 2.307772450729713e-08 0.21687078892048298
