reading fom    state /home/fnrizzi/waveRuns/romAccuracyScenario2/train2//fom_mesh512x2048_nThreads_36_dt_0.1_T_2000_snaps_true_seismo_true_mat_prem_fRank_1_test_1/state_timestep_20000_vp
reading approx state /home/fnrizzi/waveRuns/romAccuracyScenario2/train2//rom_mesh512x2048_nThreads_18_dt_0.1_T_2000_snaps_true_mat_prem_fRank_14_nPod_311_276/fomReconstructedState_timestep_20000_f_1_vp
 vp_fom_minmax    = -4.797190215602297e-08 3.7522259867295666e-08
 vp_approx_minmax = -4.28233925686007e-08 3.94048228159223e-08
 vp_err_minmax    = -1.1369588997118966e-08 1.583282649341932e-08
 vp_err_abs_rel_ltwo_norms = 4.458178823116213e-07 0.3458999676050573
 vp_err_abs_rel_linf_norms = 1.583282649341932e-08 0.3300437502337288
