reading fom    state /home/fnrizzi/waveRuns/romAccuracyScenario2/train2//fom_mesh512x2048_nThreads_36_dt_0.1_T_2000_snaps_true_seismo_true_mat_prem_fRank_1_test_7/state_timestep_20000_vp
reading approx state /home/fnrizzi/waveRuns/romAccuracyScenario2/train2//rom_mesh512x2048_nThreads_18_dt_0.1_T_2000_snaps_true_mat_prem_fRank_14_nPod_311_276/fomReconstructedState_timestep_20000_f_7_vp
 vp_fom_minmax    = -9.530837765569947e-08 9.31448076279754e-08
 vp_approx_minmax = -9.646013018701112e-08 9.720101075318148e-08
 vp_err_minmax    = -1.781777991943215e-08 1.0621583192469826e-08
 vp_err_abs_rel_ltwo_norms = 4.3795324984378734e-07 0.2153458699446935
 vp_err_abs_rel_linf_norms = 1.781777991943215e-08 0.18694872746442812
