reading fom    state /home/fnrizzi/waveRuns/romAccuracyScenario2/train2//fom_mesh512x2048_nThreads_36_dt_0.1_T_2000_snaps_true_seismo_true_mat_prem_fRank_1_test_10/state_timestep_20000_sp
reading approx state /home/fnrizzi/waveRuns/romAccuracyScenario2/train2//rom_mesh512x2048_nThreads_18_dt_0.1_T_2000_snaps_true_mat_prem_fRank_14_nPod_311_276/fomReconstructedState_timestep_20000_f_10_sp
 sp_fom_minmax    = -2.0760992946412564 1.8039889154082287
 sp_approx_minmax = -2.065154975630971 2.341816464319486
 sp_err_minmax    = -2.341816698829515 1.1935297280659876
 sp_err_abs_rel_ltwo_norms = 20.421378649974073 0.3514453275572026
 sp_err_abs_rel_linf_norms = 2.341816698829515 1.1279887743684116
