reading fom    state /home/fnrizzi/waveRuns/romAccuracyScenario2/train2//fom_mesh512x2048_nThreads_36_dt_0.1_T_2000_snaps_true_seismo_true_mat_prem_fRank_1_test_5/state_timestep_20000_sp
reading approx state /home/fnrizzi/waveRuns/romAccuracyScenario2/train2//rom_mesh512x2048_nThreads_18_dt_0.1_T_2000_snaps_true_mat_prem_fRank_14_nPod_311_276/fomReconstructedState_timestep_20000_f_5_sp
 sp_fom_minmax    = -1.5911772184743067 1.5017164637347515
 sp_approx_minmax = -1.5579767947509524 1.368228002612582
 sp_err_minmax    = -0.22778160676323467 0.15614346275643598
 sp_err_abs_rel_ltwo_norms = 6.514883769516495 0.16586401610963555
 sp_err_abs_rel_linf_norms = 0.22778160676323467 0.1431528833611897
