reading fom    state /home/fnrizzi/waveRuns/romAccuracyScenario2/train2//fom_mesh512x2048_nThreads_36_dt_0.1_T_2000_snaps_true_seismo_true_mat_prem_fRank_1_test_6/state_timestep_20000_sp
reading approx state /home/fnrizzi/waveRuns/romAccuracyScenario2/train2//rom_mesh512x2048_nThreads_18_dt_0.1_T_2000_snaps_true_mat_prem_fRank_14_nPod_311_276/fomReconstructedState_timestep_20000_f_6_sp
 sp_fom_minmax    = -1.2055459987463144 1.2320072712135786
 sp_approx_minmax = -1.202213082578717 1.1122228055766032
 sp_err_minmax    = -0.24892026470868645 0.15781700363860585
 sp_err_abs_rel_ltwo_norms = 7.4384043430982345 0.22996710801995174
 sp_err_abs_rel_linf_norms = 0.24892026470868645 0.20204447694816735
