reading fom    state /home/fnrizzi/waveRuns/romAccuracyScenario2/train2//fom_mesh512x2048_nThreads_36_dt_0.1_T_2000_snaps_true_seismo_true_mat_prem_fRank_1_test_1/state_timestep_20000_sp
reading approx state /home/fnrizzi/waveRuns/romAccuracyScenario2/train2//rom_mesh512x2048_nThreads_18_dt_0.1_T_2000_snaps_true_mat_prem_fRank_14_nPod_311_276/fomReconstructedState_timestep_20000_f_1_sp
 sp_fom_minmax    = -0.5333560753871908 0.5913344063462482
 sp_approx_minmax = -0.5929162260548174 0.634386514564373
 sp_err_minmax    = -0.11103379185133067 0.2446582479947409
 sp_err_abs_rel_ltwo_norms = 7.9655334255046695 0.3596334827840862
 sp_err_abs_rel_linf_norms = 0.2446582479947409 0.41373924021509484
