reading fom    state /home/fnrizzi/waveRuns/romAccuracyScenario2/train2//fom_mesh512x2048_nThreads_36_dt_0.1_T_2000_snaps_true_seismo_true_mat_prem_fRank_1_test_11/state_timestep_20000_vp
reading approx state /home/fnrizzi/waveRuns/romAccuracyScenario2/train2//rom_mesh512x2048_nThreads_18_dt_0.1_T_2000_snaps_true_mat_prem_fRank_14_nPod_311_276/fomReconstructedState_timestep_20000_f_11_vp
 vp_fom_minmax    = -3.53420896070475e-08 2.7250806865745653e-08
 vp_approx_minmax = -3.1996023322272486e-08 2.470594526541005e-08
 vp_err_minmax    = -8.662843217443384e-09 2.2827043446228094e-08
 vp_err_abs_rel_ltwo_norms = 5.84089367144278e-07 0.5789245502760866
 vp_err_abs_rel_linf_norms = 2.2827043446228094e-08 0.6458883359764952
