reading fom    state /home/fnrizzi/waveRuns/romAccuracyScenario2/train2/fom_mesh512x2048_nThreads_36_dt_0.1_T_2000_snaps_true_seismo_true_mat_prem_fRank_1_test_5/state_timestep_20000_sp
reading approx state /home/fnrizzi/waveRuns/romAccuracyScenario2/train2/rom_mesh512x2048_nThreads_18_dt_0.1_T_2000_snaps_true_mat_prem_fRank_14_nPod_393_393/fomReconstructedState_timestep_20000_f_5_sp
 sp_fom_minmax    = -1.5911772184743067 1.5017164637347515
 sp_approx_minmax = -1.5894963658366033 1.4982140974102742
 sp_err_minmax    = -0.007697014704750593 0.006833962390568988
 sp_err_abs_rel_ltwo_norms = 0.32211203550132445 0.008200728936329784
 sp_err_abs_rel_linf_norms = 0.007697014704750593 0.0048373082616974886
