reading fom    state /home/fnrizzi/waveRuns/romAccuracyScenario1/train3/fom_mesh256x1024_nThreads_36_dt_0.1_T_2000_snaps_true_seismo_true_mat_bilayer_fRank_1_test_1/state_timestep_20000_sp
reading approx state /home/fnrizzi/waveRuns/romAccuracyScenario1/train3/rom_mesh256x1024_nThreads_18_dt_0.1_T_2000_snaps_true_mat_bilayer_fRank_1_nPod_2340_2340_test_1/fomReconstructedState_timestep_20000_sp
 sp_fom_minmax    = -0.00924720743857536 0.00679917119249987
 sp_approx_minmax = -0.00929255867862699 0.006834221341548365
 sp_err_minmax    = -0.0002539154692863038 0.00023128421943647328
 sp_err_abs_rel_ltwo_norms = 0.0061103728717356925 0.016179093160436753
 sp_err_abs_rel_linf_norms = 0.0002539154692863038 0.02745861071820212
