reading fom    state /home/fnrizzi/romAccuracyT4/fom_mesh512x2048_nThreads_36_dt_0.1_T_2000.0_snaps_true_seismo_true_mat_prem_fRank_1_test_7/finalFomState_sp_0
reading approx state /home/fnrizzi/romAccuracyT4/rom_mesh512x2048_nThreads_18_dt_0.1_T_2000.0_snaps_true_mat_prem_fRank_14_nPod_436_436/finalFomState_sp_7
 sp_fom_minmax    = -1.358115975068079 1.3459612899400317
 sp_approx_minmax = -1.3579037090200727 1.3461503832983541
 sp_err_minmax    = -0.0013057268375873399 0.002485138012526089
 sp_err_abs_rel_ltwo_norms = 0.06249819181461385 0.0017923864635974798
 sp_err_abs_rel_linf_norms = 0.002485138012526089 0.001829842265423257
