reading fom    state /home/fnrizzi/romAccuracyT4/fom_mesh512x2048_nThreads_36_dt_0.1_T_2000.0_snaps_true_seismo_true_mat_prem_fRank_1_test_2/finalFomState_vp_0
reading approx state /home/fnrizzi/romAccuracyT4/rom_mesh512x2048_nThreads_18_dt_0.1_T_2000.0_snaps_true_mat_prem_fRank_14_nPod_436_436/finalFomState_vp_2
 vp_fom_minmax    = -4.792533511328501e-08 3.748258399512784e-08
 vp_approx_minmax = -4.793713532866878e-08 3.748175182342962e-08
 vp_err_minmax    = -5.986609318057137e-11 5.230203318897323e-11
 vp_err_abs_rel_ltwo_norms = 1.5897826727989486e-09 0.0012344807470828975
 vp_err_abs_rel_linf_norms = 5.986609318057137e-11 0.001249153355715949
