reading fom    state /home/fnrizzi/waveRuns/romAccuracyScenario1/train3_v2//fom_mesh256x1024_nThreads_36_dt_0.1_T_2000_snaps_true_seismo_true_mat_bilayer_fRank_1_test_11/state_timestep_20000_sp
reading approx state /home/fnrizzi/waveRuns/romAccuracyScenario1/train3_v2//rom_mesh256x1024_nThreads_18_dt_0.1_T_2000_snaps_true_mat_bilayer_fRank_1_nPod_1914_1914_test_11/fomReconstructedState_timestep_20000_sp
 sp_fom_minmax    = -0.008419269717898732 0.0056689331623171885
 sp_approx_minmax = -0.025524492312136455 0.05577014797700986
 sp_err_minmax    = -0.05576379625138132 0.025542885502982345
 sp_err_abs_rel_ltwo_norms = 0.10297426131051086 0.2804016643157148
 sp_err_abs_rel_linf_norms = 0.05576379625138132 6.623353107791725
