reading fom    state /home/fnrizzi/waveRuns/romAccuracyScenario2/train2//fom_mesh512x2048_nThreads_36_dt_0.1_T_2000_snaps_true_seismo_true_mat_prem_fRank_1_test_8/state_timestep_20000_sp
reading approx state /home/fnrizzi/waveRuns/romAccuracyScenario2/train2//rom_mesh512x2048_nThreads_18_dt_0.1_T_2000_snaps_true_mat_prem_fRank_14_nPod_275_275/fomReconstructedState_timestep_20000_f_8_sp
 sp_fom_minmax    = -1.5470657008854076 1.472142316594941
 sp_approx_minmax = -1.5732600203262785 3.0084546214030783
 sp_err_minmax    = -3.008454689870922 1.504932790946869
 sp_err_abs_rel_ltwo_norms = 18.231986664617622 0.47514502320074986
 sp_err_abs_rel_linf_norms = 3.008454689870922 1.9446198620712365
