reading fom    state /home/fnrizzi/waveRuns/romAccuracyScenario2/train2//fom_mesh512x2048_nThreads_36_dt_0.1_T_2000_snaps_true_seismo_true_mat_prem_fRank_1_test_3/state_timestep_20000_vp
reading approx state /home/fnrizzi/waveRuns/romAccuracyScenario2/train2//rom_mesh512x2048_nThreads_18_dt_0.1_T_2000_snaps_true_mat_prem_fRank_14_nPod_275_275/fomReconstructedState_timestep_20000_f_3_vp
 vp_fom_minmax    = -4.0715528577268895e-08 3.066340105088159e-08
 vp_approx_minmax = -4.201875440770808e-08 4.720980683826122e-08
 vp_err_minmax    = -4.72104491109954e-08 6.9125103743237594e-09
 vp_err_abs_rel_ltwo_norms = 5.139131944514594e-07 0.45460873745583275
 vp_err_abs_rel_linf_norms = 4.72104491109954e-08 1.1595194944209213
