reading fom    state /home/fnrizzi/waveRuns/romAccuracyScenario2/train2//fom_mesh512x2048_nThreads_36_dt_0.1_T_2000_snaps_true_seismo_true_mat_prem_fRank_1_test_7/state_timestep_20000_sp
reading approx state /home/fnrizzi/waveRuns/romAccuracyScenario2/train2//rom_mesh512x2048_nThreads_18_dt_0.1_T_2000_snaps_true_mat_prem_fRank_14_nPod_275_275/fomReconstructedState_timestep_20000_f_7_sp
 sp_fom_minmax    = -1.358115975068079 1.3459612899400317
 sp_approx_minmax = -1.405222424130634 1.3883441812303516
 sp_err_minmax    = -1.3883442282931524 0.7778796732374593
 sp_err_abs_rel_ltwo_norms = 12.917063759157928 0.3704486411385516
 sp_err_abs_rel_linf_norms = 1.3883442282931524 1.0222574903616448
