reading fom    state /home/fnrizzi/waveRuns/romAccuracyScenario2/train2//fom_mesh512x2048_nThreads_36_dt_0.1_T_2000_snaps_true_seismo_true_mat_prem_fRank_1_test_13/state_timestep_20000_sp
reading approx state /home/fnrizzi/waveRuns/romAccuracyScenario2/train2//rom_mesh512x2048_nThreads_18_dt_0.1_T_2000_snaps_true_mat_prem_fRank_14_nPod_275_275/fomReconstructedState_timestep_20000_f_13_sp
 sp_fom_minmax    = -0.3882001245748058 0.39643063846874643
 sp_approx_minmax = -0.49539820386984806 0.39822973746735574
 sp_err_minmax    = -0.24866531374284018 0.4953982585164844
 sp_err_abs_rel_ltwo_norms = 9.353011961303904 0.4869296238867931
 sp_err_abs_rel_linf_norms = 0.4953982585164844 1.2496467488739278
