reading fom    state /home/fnrizzi/waveRuns/romAccuracyScenario2/train2//fom_mesh512x2048_nThreads_36_dt_0.1_T_2000_snaps_true_seismo_true_mat_prem_fRank_1_test_7/state_timestep_20000_vp
reading approx state /home/fnrizzi/waveRuns/romAccuracyScenario2/train2//rom_mesh512x2048_nThreads_18_dt_0.1_T_2000_snaps_true_mat_prem_fRank_14_nPod_275_275/fomReconstructedState_timestep_20000_f_7_vp
 vp_fom_minmax    = -9.530837765569947e-08 9.31448076279754e-08
 vp_approx_minmax = -8.650881685895064e-08 1.449497178809156e-07
 vp_err_minmax    = -1.4494561320102414e-07 2.0908497017909576e-08
 vp_err_abs_rel_ltwo_norms = 1.1593822270054626e-06 0.5700795104545088
 vp_err_abs_rel_linf_norms = 1.4494561320102414e-07 1.5208066359563759
