reading fom    state /home/fnrizzi/waveRuns/romAccuracyScenario2/train2//fom_mesh512x2048_nThreads_36_dt_0.1_T_2000_snaps_true_seismo_true_mat_prem_fRank_1_test_0/state_timestep_20000_sp
reading approx state /home/fnrizzi/waveRuns/romAccuracyScenario2/train2//rom_mesh512x2048_nThreads_18_dt_0.1_T_2000_snaps_true_mat_prem_fRank_14_nPod_275_275/fomReconstructedState_timestep_20000_f_0_sp
 sp_fom_minmax    = -0.8303701152900599 0.9035025046754709
 sp_approx_minmax = -0.9004684910159191 0.8854790450026092
 sp_err_minmax    = -0.32015508080876026 0.5932143734309174
 sp_err_abs_rel_ltwo_norms = 9.914886885607949 0.37165293746614086
 sp_err_abs_rel_linf_norms = 0.5932143734309174 0.6565719191271021
