reading fom    state /home/fnrizzi/waveRuns/romAccuracyScenario2/train2//fom_mesh512x2048_nThreads_36_dt_0.1_T_2000_snaps_true_seismo_true_mat_prem_fRank_1_test_9/state_timestep_20000_sp
reading approx state /home/fnrizzi/waveRuns/romAccuracyScenario2/train2//rom_mesh512x2048_nThreads_18_dt_0.1_T_2000_snaps_true_mat_prem_fRank_14_nPod_275_275/fomReconstructedState_timestep_20000_f_9_sp
 sp_fom_minmax    = -0.42112955016071196 0.43925576279258444
 sp_approx_minmax = -0.4952381139747642 0.42365113029392176
 sp_err_minmax    = -0.25426599459060767 0.49523818516704743
 sp_err_abs_rel_ltwo_norms = 9.165142479468667 0.45913883777908265
 sp_err_abs_rel_linf_norms = 0.49523818516704743 1.1274483504064983
