reading fom    state /home/fnrizzi/waveRuns/romAccuracyScenario2/train2//fom_mesh512x2048_nThreads_36_dt_0.1_T_2000_snaps_true_seismo_true_mat_prem_fRank_1_test_1/state_timestep_20000_sp
reading approx state /home/fnrizzi/waveRuns/romAccuracyScenario2/train2//rom_mesh512x2048_nThreads_18_dt_0.1_T_2000_snaps_true_mat_prem_fRank_14_nPod_275_275/fomReconstructedState_timestep_20000_f_1_sp
 sp_fom_minmax    = -0.5333560753871908 0.5913344063462482
 sp_approx_minmax = -0.5744030678281453 0.5801003734250035
 sp_err_minmax    = -0.2771899174900114 0.519712843222234
 sp_err_abs_rel_ltwo_norms = 8.988148769818004 0.40580323666978424
 sp_err_abs_rel_linf_norms = 0.519712843222234 0.8788814546297901
