reading fom    state /home/fnrizzi/waveRuns/romAccuracyScenario1/train3_v2//fom_mesh256x1024_nThreads_36_dt_0.1_T_2000_snaps_true_seismo_true_mat_bilayer_fRank_1_test_10/state_timestep_20000_sp
reading approx state /home/fnrizzi/waveRuns/romAccuracyScenario1/train3_v2//rom_mesh256x1024_nThreads_18_dt_0.1_T_2000_snaps_true_mat_bilayer_fRank_1_nPod_1914_1914_test_10/fomReconstructedState_timestep_20000_sp
 sp_fom_minmax    = -0.008965573843383558 0.00881978720381134
 sp_approx_minmax = -0.05394546970015172 0.02212047139535942
 sp_err_minmax    = -0.02211310746352127 0.053952169695514474
 sp_err_abs_rel_ltwo_norms = 0.09673377841231673 0.2514411350766093
 sp_err_abs_rel_linf_norms = 0.053952169695514474 6.017704012926095
