reading fom    state /home/fnrizzi/waveRuns/romAccuracyScenario1/train3_v2//fom_mesh256x1024_nThreads_36_dt_0.1_T_2000_snaps_true_seismo_true_mat_bilayer_fRank_1_test_10/state_timestep_20000_vp
reading approx state /home/fnrizzi/waveRuns/romAccuracyScenario1/train3_v2//rom_mesh256x1024_nThreads_18_dt_0.1_T_2000_snaps_true_mat_bilayer_fRank_1_nPod_1914_1914_test_10/fomReconstructedState_timestep_20000_vp
 vp_fom_minmax    = -3.6123257051610133e-10 3.53189916651468e-10
 vp_approx_minmax = -3.567564925750462e-10 3.5050580828532196e-10
 vp_err_minmax    = -9.150078585063514e-11 6.345007313003033e-11
 vp_err_abs_rel_ltwo_norms = 8.232415531272099e-10 0.05740963879087328
 vp_err_abs_rel_linf_norms = 9.150078585063514e-11 0.2533015938178162
