reading fom    state /home/fnrizzi/waveRuns/romAccuracyScenario1/train3/fom_mesh256x1024_nThreads_36_dt_0.1_T_2000_snaps_true_seismo_true_mat_bilayer_fRank_1_test_10/state_timestep_20000_sp
reading approx state /home/fnrizzi/waveRuns/romAccuracyScenario1/train3/rom_mesh256x1024_nThreads_18_dt_0.1_T_2000_snaps_true_mat_bilayer_fRank_1_nPod_204_204_test_10/fomReconstructedState_timestep_20000_sp
 sp_fom_minmax    = -0.011005515273360815 0.008653253273762637
 sp_approx_minmax = -0.034723461821405746 0.010475326401161767
 sp_err_minmax    = -0.010482686189576026 0.034713450437880725
 sp_err_abs_rel_ltwo_norms = 0.2698749400665547 0.682550219997568
 sp_err_abs_rel_linf_norms = 0.034713450437880725 3.154186748702779
