reading fom    state /home/fnrizzi/waveRuns/romAccuracyScenario1/train3_v2//fom_mesh256x1024_nThreads_36_dt_0.1_T_2000_snaps_true_seismo_true_mat_bilayer_fRank_1_test_8/state_timestep_20000_vp
reading approx state /home/fnrizzi/waveRuns/romAccuracyScenario1/train3_v2//rom_mesh256x1024_nThreads_18_dt_0.1_T_2000_snaps_true_mat_bilayer_fRank_1_nPod_222_222_test_8/fomReconstructedState_timestep_20000_vp
 vp_fom_minmax    = -3.2162516863651766e-10 3.723770933164741e-10
 vp_approx_minmax = -3.1996455076540816e-10 3.7541866112967127e-10
 vp_err_minmax    = -1.4795268912153895e-10 3.030499974861449e-10
 vp_err_abs_rel_ltwo_norms = 1.0059827915320097e-09 0.07161256276339763
 vp_err_abs_rel_linf_norms = 3.030499974861449e-10 0.813825562649715
