reading fom    state /home/fnrizzi/waveRuns/romAccuracyScenario2/train2//fom_mesh512x2048_nThreads_36_dt_0.1_T_2000_snaps_true_seismo_true_mat_prem_fRank_1_test_12/state_timestep_20000_sp
reading approx state /home/fnrizzi/waveRuns/romAccuracyScenario2/train2//rom_mesh512x2048_nThreads_18_dt_0.1_T_2000_snaps_true_mat_prem_fRank_14_nPod_415_415/fomReconstructedState_timestep_20000_f_12_sp
 sp_fom_minmax    = -1.9181854392302928 1.7386659448612778
 sp_approx_minmax = -1.9181585706426034 1.7386761033972606
 sp_err_minmax    = -0.006474714973189453 0.002906812389688396
 sp_err_abs_rel_ltwo_norms = 0.03554475279880676 0.0007359484856302717
 sp_err_abs_rel_linf_norms = 0.006474714973189453 0.00337543745290213
