reading fom    state /home/fnrizzi/waveRuns/romAccuracyScenario2/train2//fom_mesh512x2048_nThreads_36_dt_0.1_T_2000_snaps_true_seismo_true_mat_prem_fRank_1_test_5/state_timestep_20000_vp
reading approx state /home/fnrizzi/waveRuns/romAccuracyScenario2/train2//rom_mesh512x2048_nThreads_18_dt_0.1_T_2000_snaps_true_mat_prem_fRank_14_nPod_415_415/fomReconstructedState_timestep_20000_f_5_vp
 vp_fom_minmax    = -1.0764616464143212e-07 1.0947607022853834e-07
 vp_approx_minmax = -1.0760168791136936e-07 1.0943698113325619e-07
 vp_err_minmax    = -2.52097847720496e-10 2.41273147191183e-10
 vp_err_abs_rel_ltwo_norms = 1.0129240557280196e-08 0.004433180935086797
 vp_err_abs_rel_linf_norms = 2.52097847720496e-10 0.0023027666885943707
