reading fom    state /home/fnrizzi/waveRuns/romAccuracyScenario2/train2//fom_mesh512x2048_nThreads_36_dt_0.1_T_2000_snaps_true_seismo_true_mat_prem_fRank_1_test_3/state_timestep_20000_sp
reading approx state /home/fnrizzi/waveRuns/romAccuracyScenario2/train2//rom_mesh512x2048_nThreads_18_dt_0.1_T_2000_snaps_true_mat_prem_fRank_14_nPod_415_415/fomReconstructedState_timestep_20000_f_3_sp
 sp_fom_minmax    = -0.4049200801282478 0.4145446855028664
 sp_approx_minmax = -0.40478567532922693 0.4144928666719039
 sp_err_minmax    = -0.00043133565974151633 0.0004512868752267196
 sp_err_abs_rel_ltwo_norms = 0.01420894586787096 0.0007251307308262297
 sp_err_abs_rel_linf_norms = 0.0004512868752267196 0.001088632639637589
