reading fom    state /home/fnrizzi/waveRuns/romAccuracyScenario2/train2//fom_mesh512x2048_nThreads_36_dt_0.1_T_2000_snaps_true_seismo_true_mat_prem_fRank_1_test_13/state_timestep_20000_vp
reading approx state /home/fnrizzi/waveRuns/romAccuracyScenario2/train2//rom_mesh512x2048_nThreads_18_dt_0.1_T_2000_snaps_true_mat_prem_fRank_14_nPod_415_415/fomReconstructedState_timestep_20000_f_13_vp
 vp_fom_minmax    = -3.959188791929077e-08 2.947016804189463e-08
 vp_approx_minmax = -3.958164038697227e-08 2.9462925950264135e-08
 vp_err_minmax    = -4.0784056991255974e-11 2.3936836843713503e-11
 vp_err_abs_rel_ltwo_norms = 9.272560217160634e-10 0.0008382083162275315
 vp_err_abs_rel_linf_norms = 4.0784056991255974e-11 0.0010301114479409387
