reading fom    state /home/fnrizzi/waveRuns/romAccuracyScenario2/train2//fom_mesh512x2048_nThreads_36_dt_0.1_T_2000_snaps_true_seismo_true_mat_prem_fRank_1_test_1/state_timestep_20000_vp
reading approx state /home/fnrizzi/waveRuns/romAccuracyScenario2/train2//rom_mesh512x2048_nThreads_18_dt_0.1_T_2000_snaps_true_mat_prem_fRank_14_nPod_415_415/fomReconstructedState_timestep_20000_f_1_vp
 vp_fom_minmax    = -4.797190215602297e-08 3.7522259867295666e-08
 vp_approx_minmax = -4.7967007783969254e-08 3.7522906001873916e-08
 vp_err_minmax    = -9.379037783705213e-11 6.570584349484993e-11
 vp_err_abs_rel_ltwo_norms = 2.0415645419606378e-09 0.0015840035515538363
 vp_err_abs_rel_linf_norms = 9.379037783705213e-11 0.001955110671492866
