reading fom    state /home/fnrizzi/waveRuns/romAccuracyScenario2/train2//fom_mesh512x2048_nThreads_36_dt_0.1_T_2000_snaps_true_seismo_true_mat_prem_fRank_1_test_4/state_timestep_20000_sp
reading approx state /home/fnrizzi/waveRuns/romAccuracyScenario2/train2//rom_mesh512x2048_nThreads_18_dt_0.1_T_2000_snaps_true_mat_prem_fRank_14_nPod_415_415/fomReconstructedState_timestep_20000_f_4_sp
 sp_fom_minmax    = -1.1636066741885316 1.1986252626742355
 sp_approx_minmax = -1.1641218347889988 1.198797624361325
 sp_err_minmax    = -0.0018010227522331779 0.001826386083227537
 sp_err_abs_rel_ltwo_norms = 0.09090806496895655 0.0028692508251487673
 sp_err_abs_rel_linf_norms = 0.001826386083227537 0.0015237340143763644
