reading fom    state /home/fnrizzi/waveRuns/romAccuracyScenario2/train2//fom_mesh512x2048_nThreads_36_dt_0.1_T_2000_snaps_true_seismo_true_mat_prem_fRank_1_test_8/state_timestep_20000_sp
reading approx state /home/fnrizzi/waveRuns/romAccuracyScenario2/train2//rom_mesh512x2048_nThreads_18_dt_0.1_T_2000_snaps_true_mat_prem_fRank_14_nPod_415_415/fomReconstructedState_timestep_20000_f_8_sp
 sp_fom_minmax    = -1.5470657008854076 1.472142316594941
 sp_approx_minmax = -1.5463552345047074 1.4723218486662057
 sp_err_minmax    = -0.0026062017383499114 0.004101462707410963
 sp_err_abs_rel_ltwo_norms = 0.11439074740781581 0.0029811449147512685
 sp_err_abs_rel_linf_norms = 0.004101462707410963 0.0026511238049319033
