reading fom    state /home/fnrizzi/waveRuns/romAccuracyScenario2/train2//fom_mesh512x2048_nThreads_36_dt_0.1_T_2000_snaps_true_seismo_true_mat_prem_fRank_1_test_4/state_timestep_20000_vp
reading approx state /home/fnrizzi/waveRuns/romAccuracyScenario2/train2//rom_mesh512x2048_nThreads_18_dt_0.1_T_2000_snaps_true_mat_prem_fRank_14_nPod_415_415/fomReconstructedState_timestep_20000_f_4_vp
 vp_fom_minmax    = -8.389318122707831e-08 7.931851793649922e-08
 vp_approx_minmax = -8.385321652626261e-08 7.931674122220784e-08
 vp_err_minmax    = -1.1379557494434497e-10 1.6021854382767634e-10
 vp_err_abs_rel_ltwo_norms = 5.371113511682823e-09 0.0029009869466581563
 vp_err_abs_rel_linf_norms = 1.6021854382767634e-10 0.0019097922081891727
