reading fom    state /home/fnrizzi/waveRuns/romAccuracyScenario2/train2//fom_mesh512x2048_nThreads_36_dt_0.1_T_2000_snaps_true_seismo_true_mat_prem_fRank_1_test_2/state_timestep_20000_sp
reading approx state /home/fnrizzi/waveRuns/romAccuracyScenario2/train2//rom_mesh512x2048_nThreads_18_dt_0.1_T_2000_snaps_true_mat_prem_fRank_14_nPod_415_415/fomReconstructedState_timestep_20000_f_2_sp
 sp_fom_minmax    = -0.5323036033585555 0.5901295879730385
 sp_approx_minmax = -0.5320623096499822 0.5897291803209713
 sp_err_minmax    = -0.0007534258643924208 0.0006692794642162058
 sp_err_abs_rel_ltwo_norms = 0.03913726108461314 0.0017683610651241888
 sp_err_abs_rel_linf_norms = 0.0007534258643924208 0.0012767125725389706
