reading fom    state /home/fnrizzi/waveRuns/romAccuracyScenario2/train2//fom_mesh512x2048_nThreads_36_dt_0.1_T_2000_snaps_true_seismo_true_mat_prem_fRank_1_test_0/state_timestep_20000_sp
reading approx state /home/fnrizzi/waveRuns/romAccuracyScenario2/train2//rom_mesh512x2048_nThreads_18_dt_0.1_T_2000_snaps_true_mat_prem_fRank_14_nPod_415_415/fomReconstructedState_timestep_20000_f_0_sp
 sp_fom_minmax    = -0.8303701152900599 0.9035025046754709
 sp_approx_minmax = -0.8310782695610363 0.9032603932970567
 sp_err_minmax    = -0.003722248892833069 0.002431677881464589
 sp_err_abs_rel_ltwo_norms = 0.09962304425369116 0.003734303523920979
 sp_err_abs_rel_linf_norms = 0.003722248892833069 0.0041197991965391
