reading fom    state /home/fnrizzi/waveRuns/romAccuracyScenario2/train2//fom_mesh512x2048_nThreads_36_dt_0.1_T_2000_snaps_true_seismo_true_mat_prem_fRank_1_test_8/state_timestep_20000_vp
reading approx state /home/fnrizzi/waveRuns/romAccuracyScenario2/train2//rom_mesh512x2048_nThreads_18_dt_0.1_T_2000_snaps_true_mat_prem_fRank_14_nPod_415_415/fomReconstructedState_timestep_20000_f_8_vp
 vp_fom_minmax    = -1.0545110907453144e-07 1.0641232331090344e-07
 vp_approx_minmax = -1.0540156374541234e-07 1.063747001591553e-07
 vp_err_minmax    = -2.3332573305431205e-10 2.2376971430383406e-10
 vp_err_abs_rel_ltwo_norms = 9.61191348085702e-09 0.004304002436964505
 vp_err_abs_rel_linf_norms = 2.3332573305431205e-10 0.002192657070108388
