reading fom    state /home/fnrizzi/waveRuns/romAccuracyScenario1/train3_v2//fom_mesh256x1024_nThreads_36_dt_0.1_T_2000_snaps_true_seismo_true_mat_bilayer_fRank_1_test_0/state_timestep_20000_vp
reading approx state /home/fnrizzi/waveRuns/romAccuracyScenario1/train3_v2//rom_mesh256x1024_nThreads_18_dt_0.1_T_2000_snaps_true_mat_bilayer_fRank_1_nPod_28_28_test_0/fomReconstructedState_timestep_20000_vp
 vp_fom_minmax    = -2.6376469243093067e-10 3.5174279155615993e-10
 vp_approx_minmax = -6.757511276361288e-10 1.3094777201175822e-09
 vp_err_minmax    = -1.310800322247399e-09 6.744472247519059e-10
 vp_err_abs_rel_ltwo_norms = 3.4300147113471776e-08 2.5023937756721932
 vp_err_abs_rel_linf_norms = 1.310800322247399e-09 3.726587591029891
