reading fom    state /home/fnrizzi/romAccuracyT4/fom_mesh512x2048_nThreads_36_dt_0.1_T_2000.0_snaps_true_seismo_true_mat_prem_fRank_1_test_0/finalFomState_vp_0
reading approx state /home/fnrizzi/romAccuracyT4/rom_mesh512x2048_nThreads_18_dt_0.1_T_2000.0_snaps_true_mat_prem_fRank_6_nPod_170_170/finalFomState_vp_0
 vp_fom_minmax    = -4.0715528577268895e-08 3.066340105088159e-08
 vp_approx_minmax = -9.030481590462096e-08 7.649812477978225e-08
 vp_err_minmax    = -7.650444959709476e-08 9.030367292780078e-08
 vp_err_abs_rel_ltwo_norms = 2.308737904805215e-06 2.042314607509184
 vp_err_abs_rel_linf_norms = 9.030367292780078e-08 2.2179172439435426
