reading fom    state /home/fnrizzi/romAccuracyT4/fom_mesh512x2048_nThreads_36_dt_0.1_T_2000.0_snaps_true_seismo_true_mat_prem_fRank_1_test_3/finalFomState_sp_0
reading approx state /home/fnrizzi/romAccuracyT4/rom_mesh512x2048_nThreads_18_dt_0.1_T_2000.0_snaps_true_mat_prem_fRank_6_nPod_170_170/finalFomState_sp_3
 sp_fom_minmax    = -0.3438349054478519 0.37960949010065237
 sp_approx_minmax = -1.0833890414200076 1.3074318113242296
 sp_err_minmax    = -1.3074316516643771 1.083389836076266
 sp_err_abs_rel_ltwo_norms = 41.73931217825848 2.3643644888599895
 sp_err_abs_rel_linf_norms = 1.3074316516643771 3.4441490156574206
