reading fom    state /home/fnrizzi/waveRuns/romAccuracyScenario1/train3_v2//fom_mesh256x1024_nThreads_36_dt_0.1_T_2000_snaps_true_seismo_true_mat_bilayer_fRank_1_test_8/state_timestep_20000_vp
reading approx state /home/fnrizzi/waveRuns/romAccuracyScenario1/train3_v2//rom_mesh256x1024_nThreads_18_dt_0.1_T_2000_snaps_true_mat_bilayer_fRank_1_nPod_1914_1914_test_8/fomReconstructedState_timestep_20000_vp
 vp_fom_minmax    = -3.2162516863651766e-10 3.723770933164741e-10
 vp_approx_minmax = -3.23195190066129e-10 3.717107344772797e-10
 vp_err_minmax    = -6.998035000728067e-11 5.474913347270629e-11
 vp_err_abs_rel_ltwo_norms = 4.951248073104797e-10 0.035246285162829905
 vp_err_abs_rel_linf_norms = 6.998035000728067e-11 0.18792871866531838
