reading fom    state /home/fnrizzi/waveRuns/romAccuracyScenario1/train3/fom_mesh256x1024_nThreads_36_dt_0.1_T_2000_snaps_true_seismo_true_mat_bilayer_fRank_1_test_13/state_timestep_20000_sp
reading approx state /home/fnrizzi/waveRuns/romAccuracyScenario1/train3/rom_mesh256x1024_nThreads_18_dt_0.1_T_2000_snaps_true_mat_bilayer_fRank_1_nPod_2133_2133_test_13/fomReconstructedState_timestep_20000_sp
 sp_fom_minmax    = -0.008938410068311729 0.006394079050391816
 sp_approx_minmax = -0.008944094282722678 0.006396963272873803
 sp_err_minmax    = -0.0001460422427909083 0.00010289415330104896
 sp_err_abs_rel_ltwo_norms = 0.0009780443587015042 0.0026031866619177393
 sp_err_abs_rel_linf_norms = 0.0001460422427909083 0.01633872709741236
