reading fom    state /home/fnrizzi/waveRuns/romAccuracyScenario1/train3/fom_mesh256x1024_nThreads_36_dt_0.1_T_2000_snaps_true_seismo_true_mat_bilayer_fRank_1_test_13/state_timestep_20000_vp
reading approx state /home/fnrizzi/waveRuns/romAccuracyScenario1/train3/rom_mesh256x1024_nThreads_18_dt_0.1_T_2000_snaps_true_mat_bilayer_fRank_1_nPod_2133_2133_test_13/fomReconstructedState_timestep_20000_vp
 vp_fom_minmax    = -2.5007619759604187e-10 3.4131847806780713e-10
 vp_approx_minmax = -2.5007156505988554e-10 3.412092748652666e-10
 vp_err_minmax    = -5.82980172657568e-12 7.396837699789888e-12
 vp_err_abs_rel_ltwo_norms = 3.848267142805264e-11 0.0028289148272511652
 vp_err_abs_rel_linf_norms = 7.396837699789888e-12 0.021671366114319822
