reading fom    state /home/fnrizzi/waveRuns/romAccuracyScenario1/train3_v2//fom_mesh256x1024_nThreads_36_dt_0.1_T_2000_snaps_true_seismo_true_mat_bilayer_fRank_1_test_6/state_timestep_20000_sp
reading approx state /home/fnrizzi/waveRuns/romAccuracyScenario1/train3_v2//rom_mesh256x1024_nThreads_18_dt_0.1_T_2000_snaps_true_mat_bilayer_fRank_1_nPod_1117_1117_test_6/fomReconstructedState_timestep_20000_sp
 sp_fom_minmax    = -0.00948057775187075 0.007412992481106251
 sp_approx_minmax = -0.009485068742011257 0.007406369969198221
 sp_err_minmax    = -0.0016848425384344686 0.001562667520178702
 sp_err_abs_rel_ltwo_norms = 0.01305523765048652 0.03436597402421466
 sp_err_abs_rel_linf_norms = 0.0016848425384344686 0.1777151754387551
