reading fom    state /home/fnrizzi/waveRuns/romAccuracyScenario1/train3_v2//fom_mesh256x1024_nThreads_36_dt_0.1_T_2000_snaps_true_seismo_true_mat_bilayer_fRank_1_test_11/state_timestep_20000_vp
reading approx state /home/fnrizzi/waveRuns/romAccuracyScenario1/train3_v2//rom_mesh256x1024_nThreads_18_dt_0.1_T_2000_snaps_true_mat_bilayer_fRank_1_nPod_2385_2385_test_11/fomReconstructedState_timestep_20000_vp
 vp_fom_minmax    = -2.336509731008229e-10 3.559504912376944e-10
 vp_approx_minmax = -2.414801086307261e-10 3.731317459753651e-10
 vp_err_minmax    = -2.9285379630227614e-11 2.709993997305817e-11
 vp_err_abs_rel_ltwo_norms = 1.0236712980062553e-09 0.07808653566212666
 vp_err_abs_rel_linf_norms = 2.9285379630227614e-11 0.08227374410524864
