reading fom    state /home/fnrizzi/waveRuns/romAccuracyScenario1/train3_v2//fom_mesh256x1024_nThreads_36_dt_0.1_T_2000_snaps_true_seismo_true_mat_bilayer_fRank_1_test_5/state_timestep_20000_vp
reading approx state /home/fnrizzi/waveRuns/romAccuracyScenario1/train3_v2//rom_mesh256x1024_nThreads_18_dt_0.1_T_2000_snaps_true_mat_bilayer_fRank_1_nPod_117_117_test_5/fomReconstructedState_timestep_20000_vp
 vp_fom_minmax    = -3.2456747360796656e-10 3.7239022130469186e-10
 vp_approx_minmax = -1.6527919767988253e-09 3.7791143760602205e-10
 vp_err_minmax    = -8.398338181003215e-11 1.6520209337986374e-09
 vp_err_abs_rel_ltwo_norms = 3.4682562240417e-09 0.2465756926581289
 vp_err_abs_rel_linf_norms = 1.6520209337986374e-09 4.43626292873825
