reading fom    state /home/fnrizzi/waveRuns/romAccuracyScenario1/train3_v2//fom_mesh256x1024_nThreads_36_dt_0.1_T_2000_snaps_true_seismo_true_mat_bilayer_fRank_1_test_5/state_timestep_20000_sp
reading approx state /home/fnrizzi/waveRuns/romAccuracyScenario1/train3_v2//rom_mesh256x1024_nThreads_18_dt_0.1_T_2000_snaps_true_mat_bilayer_fRank_1_nPod_117_117_test_5/fomReconstructedState_timestep_20000_sp
 sp_fom_minmax    = -0.009473877919240956 0.008082417909518549
 sp_approx_minmax = -0.015477578459773666 0.019665046150054738
 sp_err_minmax    = -0.01967262257272866 0.015483642924708909
 sp_err_abs_rel_ltwo_norms = 0.10880901410432135 0.28496080538587143
 sp_err_abs_rel_linf_norms = 0.01967262257272866 2.0765121463909284
