reading fom    state /home/fnrizzi/romAccuracyT4/fom_mesh512x2048_nThreads_36_dt_0.1_T_2000.0_snaps_true_seismo_true_mat_prem_fRank_1_test_11/finalFomState_vp_0
reading approx state /home/fnrizzi/romAccuracyT4/rom_mesh512x2048_nThreads_18_dt_0.1_T_2000.0_snaps_true_mat_prem_fRank_14_nPod_170_170/finalFomState_vp_11
 vp_fom_minmax    = -3.53420896070475e-08 2.7250806865745653e-08
 vp_approx_minmax = -8.67706708233298e-08 8.04947302818731e-08
 vp_err_minmax    = -8.049948751557599e-08 8.676976994487839e-08
 vp_err_abs_rel_ltwo_norms = 2.2693511358689822e-06 2.2492843726548344
 vp_err_abs_rel_linf_norms = 8.676976994487839e-08 2.455139775537658
