reading fom    state /home/fnrizzi/romAccuracyT4/fom_mesh512x2048_nThreads_36_dt_0.1_T_2000.0_snaps_true_seismo_true_mat_prem_fRank_1_test_5/finalFomState_vp_0
reading approx state /home/fnrizzi/romAccuracyT4/rom_mesh512x2048_nThreads_18_dt_0.1_T_2000.0_snaps_true_mat_prem_fRank_14_nPod_170_170/finalFomState_vp_5
 vp_fom_minmax    = -1.0764616464143212e-07 1.0947607022853834e-07
 vp_approx_minmax = -2.2298137454320793e-07 1.3956483869971561e-07
 vp_err_minmax    = -1.3958218380707066e-07 2.229839798238353e-07
 vp_err_abs_rel_ltwo_norms = 2.9688462983808746e-06 1.2993504038884314
 vp_err_abs_rel_linf_norms = 2.229839798238353e-07 2.036828499217609
