reading fom    state /home/fnrizzi/romAccuracyT4/fom_mesh512x2048_nThreads_36_dt_0.1_T_2000.0_snaps_true_seismo_true_mat_prem_fRank_1_test_0/finalFomState_sp_0
reading approx state /home/fnrizzi/romAccuracyT4/rom_mesh512x2048_nThreads_18_dt_0.1_T_2000.0_snaps_true_mat_prem_fRank_14_nPod_170_170/finalFomState_sp_0
 sp_fom_minmax    = -0.8303701152900599 0.9035025046754709
 sp_approx_minmax = -0.7697069806425456 1.333438924184339
 sp_err_minmax    = -1.3334389965297775 0.7697071635876507
 sp_err_abs_rel_ltwo_norms = 37.456680269139255 1.4040387359297706
 sp_err_abs_rel_linf_norms = 1.3334389965297775 1.4758553403332684
