reading fom    state /home/fnrizzi/romAccuracyT4/fom_mesh512x2048_nThreads_36_dt_0.1_T_2000.0_snaps_true_seismo_true_mat_prem_fRank_1_test_8/finalFomState_sp_0
reading approx state /home/fnrizzi/romAccuracyT4/rom_mesh512x2048_nThreads_18_dt_0.1_T_2000.0_snaps_true_mat_prem_fRank_14_nPod_170_170/finalFomState_sp_8
 sp_fom_minmax    = -1.5470657008854076 1.472142316594941
 sp_approx_minmax = -1.1781263717927055 2.196734515101804
 sp_err_minmax    = -2.196735394293518 1.1782745884284873
 sp_err_abs_rel_ltwo_norms = 46.818754613583906 1.220146693627921
 sp_err_abs_rel_linf_norms = 2.196735394293518 1.4199367182895306
