reading fom    state /home/fnrizzi/romAccuracyT4/fom_mesh512x2048_nThreads_36_dt_0.1_T_2000.0_snaps_true_seismo_true_mat_prem_fRank_1_test_4/finalFomState_vp_0
reading approx state /home/fnrizzi/romAccuracyT4/rom_mesh512x2048_nThreads_18_dt_0.1_T_2000.0_snaps_true_mat_prem_fRank_14_nPod_170_170/finalFomState_vp_4
 vp_fom_minmax    = -8.389318122707831e-08 7.931851793649922e-08
 vp_approx_minmax = -1.0981213631905184e-07 8.790997871009076e-08
 vp_err_minmax    = -8.792617866972447e-08 1.0981393167967671e-07
 vp_err_abs_rel_ltwo_norms = 2.3629404354067246e-06 1.2762454831638723
 vp_err_abs_rel_linf_norms = 1.0981393167967671e-07 1.3089732690245381
