reading fom    state /home/fnrizzi/romAccuracyT4/fom_mesh512x2048_nThreads_36_dt_0.1_T_2000.0_snaps_true_seismo_true_mat_prem_fRank_1_test_12/finalFomState_vp_0
reading approx state /home/fnrizzi/romAccuracyT4/rom_mesh512x2048_nThreads_18_dt_0.1_T_2000.0_snaps_true_mat_prem_fRank_14_nPod_170_170/finalFomState_vp_12
 vp_fom_minmax    = -1.203220505688684e-07 1.3162000284543027e-07
 vp_approx_minmax = -1.1812205662922866e-06 2.416233187607266e-07
 vp_err_minmax    = -2.4162377224235946e-07 1.1812253024052465e-06
 vp_err_abs_rel_ltwo_norms = 6.250381251939324e-06 2.233234834531626
 vp_err_abs_rel_linf_norms = 1.1812253024052465e-06 8.974512056442016
