reading fom    state /home/fnrizzi/waveRuns/romAccuracyScenario1/train3/fom_mesh256x1024_nThreads_36_dt_0.1_T_2000_snaps_true_seismo_true_mat_bilayer_fRank_1_test_12/state_timestep_20000_sp
reading approx state /home/fnrizzi/waveRuns/romAccuracyScenario1/train3/rom_mesh256x1024_nThreads_18_dt_0.1_T_2000_snaps_true_mat_bilayer_fRank_1_nPod_2340_2340_test_12/fomReconstructedState_timestep_20000_sp
 sp_fom_minmax    = -0.009224853803041584 0.008569853232973768
 sp_approx_minmax = -0.00922482357180834 0.008570196776532531
 sp_err_minmax    = -1.0495004183364376e-05 1.1845379290127276e-05
 sp_err_abs_rel_ltwo_norms = 0.00018322376616339105 0.0004778918575483867
 sp_err_abs_rel_linf_norms = 1.1845379290127276e-05 0.0012840723054301046
