reading fom    state /home/fnrizzi/waveRuns/romAccuracyScenario2/train2//fom_mesh512x2048_nThreads_36_dt_0.1_T_2000_snaps_true_seismo_true_mat_prem_fRank_1_test_10/state_timestep_20000_sp
reading approx state /home/fnrizzi/waveRuns/romAccuracyScenario2/train2//rom_mesh512x2048_nThreads_18_dt_0.1_T_2000_snaps_true_mat_prem_fRank_14_nPod_415_394/fomReconstructedState_timestep_20000_f_10_sp
 sp_fom_minmax    = -2.0760992946412564 1.8039889154082287
 sp_approx_minmax = -2.077490567808156 1.8003698417924656
 sp_err_minmax    = -0.11325669976404891 0.25486628328597466
 sp_err_abs_rel_ltwo_norms = 1.329388758034285 0.022878350944186384
 sp_err_abs_rel_linf_norms = 0.25486628328597466 0.1227620875089285
