reading fom    state /home/fnrizzi/waveRuns/romAccuracyScenario2/train2//fom_mesh512x2048_nThreads_36_dt_0.1_T_2000_snaps_true_seismo_true_mat_prem_fRank_1_test_12/state_timestep_20000_vp
reading approx state /home/fnrizzi/waveRuns/romAccuracyScenario2/train2//rom_mesh512x2048_nThreads_18_dt_0.1_T_2000_snaps_true_mat_prem_fRank_14_nPod_415_394/fomReconstructedState_timestep_20000_f_12_vp
 vp_fom_minmax    = -1.203220505688684e-07 1.3162000284543027e-07
 vp_approx_minmax = -1.203375655722985e-07 1.316125669855234e-07
 vp_err_minmax    = -4.910079648248706e-10 1.2872813130958363e-09
 vp_err_abs_rel_ltwo_norms = 7.354026596428361e-09 0.0026275626569371544
 vp_err_abs_rel_linf_norms = 1.2872813130958363e-09 0.00978028631869559
