reading fom    state /home/fnrizzi/waveRuns/romAccuracyScenario2/train2//fom_mesh512x2048_nThreads_36_dt_0.1_T_2000_snaps_true_seismo_true_mat_prem_fRank_1_test_10/state_timestep_20000_vp
reading approx state /home/fnrizzi/waveRuns/romAccuracyScenario2/train2//rom_mesh512x2048_nThreads_18_dt_0.1_T_2000_snaps_true_mat_prem_fRank_14_nPod_415_394/fomReconstructedState_timestep_20000_f_10_vp
 vp_fom_minmax    = -1.240122250486767e-07 1.404439212047895e-07
 vp_approx_minmax = -1.240868225240382e-07 1.4043944122555078e-07
 vp_err_minmax    = -4.114993305433285e-09 1.0133540513592871e-08
 vp_err_abs_rel_ltwo_norms = 6.700320172216139e-08 0.019940575074786422
 vp_err_abs_rel_linf_norms = 1.0133540513592871e-08 0.07215364272560122
