reading fom    state /home/fnrizzi/waveRuns/romAccuracyScenario2/train2//fom_mesh512x2048_nThreads_36_dt_0.1_T_2000_snaps_true_seismo_true_mat_prem_fRank_1_test_5/state_timestep_20000_vp
reading approx state /home/fnrizzi/waveRuns/romAccuracyScenario2/train2//rom_mesh512x2048_nThreads_18_dt_0.1_T_2000_snaps_true_mat_prem_fRank_14_nPod_415_394/fomReconstructedState_timestep_20000_f_5_vp
 vp_fom_minmax    = -1.0764616464143212e-07 1.0947607022853834e-07
 vp_approx_minmax = -1.0764543591438464e-07 1.0948489124030042e-07
 vp_err_minmax    = -7.648273590009331e-10 7.494130740291358e-10
 vp_err_abs_rel_ltwo_norms = 2.069231961004861e-08 0.009056236376187056
 vp_err_abs_rel_linf_norms = 7.648273590009331e-10 0.006986251492260425
