reading fom    state /home/fnrizzi/waveRuns/romAccuracyScenario2/train2//fom_mesh512x2048_nThreads_36_dt_0.1_T_2000_snaps_true_seismo_true_mat_prem_fRank_1_test_9/state_timestep_20000_vp
reading approx state /home/fnrizzi/waveRuns/romAccuracyScenario2/train2//rom_mesh512x2048_nThreads_18_dt_0.1_T_2000_snaps_true_mat_prem_fRank_14_nPod_415_394/fomReconstructedState_timestep_20000_f_9_vp
 vp_fom_minmax    = -4.178010993194785e-08 3.1759270330385817e-08
 vp_approx_minmax = -4.189738820926961e-08 3.17669637237936e-08
 vp_err_minmax    = -1.983269438781392e-10 4.089635132968805e-10
 vp_err_abs_rel_ltwo_norms = 1.1652732856472859e-08 0.010103263303382862
 vp_err_abs_rel_linf_norms = 4.089635132968805e-10 0.009788473844683683
