reading fom    state /home/fnrizzi/waveRuns/romAccuracyScenario2/train2//fom_mesh512x2048_nThreads_36_dt_0.1_T_2000_snaps_true_seismo_true_mat_prem_fRank_1_test_5/state_timestep_20000_sp
reading approx state /home/fnrizzi/waveRuns/romAccuracyScenario2/train2//rom_mesh512x2048_nThreads_18_dt_0.1_T_2000_snaps_true_mat_prem_fRank_14_nPod_415_394/fomReconstructedState_timestep_20000_f_5_sp
 sp_fom_minmax    = -1.5911772184743067 1.5017164637347515
 sp_approx_minmax = -1.5893967112291054 1.498131819859734
 sp_err_minmax    = -0.007699800128673051 0.005819364975261457
 sp_err_abs_rel_ltwo_norms = 0.2970046292498803 0.007561513352093848
 sp_err_abs_rel_linf_norms = 0.007699800128673051 0.004839058804559791
