reading fom    state /home/fnrizzi/waveRuns/romAccuracyScenario2/train2//fom_mesh512x2048_nThreads_36_dt_0.1_T_2000_snaps_true_seismo_true_mat_prem_fRank_1_test_7/state_timestep_20000_vp
reading approx state /home/fnrizzi/waveRuns/romAccuracyScenario2/train2//rom_mesh512x2048_nThreads_18_dt_0.1_T_2000_snaps_true_mat_prem_fRank_14_nPod_415_394/fomReconstructedState_timestep_20000_f_7_vp
 vp_fom_minmax    = -9.530837765569947e-08 9.31448076279754e-08
 vp_approx_minmax = -9.531566059757448e-08 9.323852405760532e-08
 vp_err_minmax    = -1.0087961317174414e-09 1.0137760870371804e-09
 vp_err_abs_rel_ltwo_norms = 2.9740555328062046e-08 0.014623720139179744
 vp_err_abs_rel_linf_norms = 1.0137760870371804e-09 0.010636799324183611
