reading fom    state /home/fnrizzi/waveRuns/romAccuracyScenario2/train2//fom_mesh512x2048_nThreads_36_dt_0.1_T_2000_snaps_true_seismo_true_mat_prem_fRank_1_test_6/state_timestep_20000_vp
reading approx state /home/fnrizzi/waveRuns/romAccuracyScenario2/train2//rom_mesh512x2048_nThreads_18_dt_0.1_T_2000_snaps_true_mat_prem_fRank_14_nPod_415_394/fomReconstructedState_timestep_20000_f_6_vp
 vp_fom_minmax    = -8.643974753651675e-08 8.230998906129439e-08
 vp_approx_minmax = -8.645780816211403e-08 8.244743666642084e-08
 vp_err_minmax    = -9.518367581085046e-10 9.492288638973553e-10
 vp_err_abs_rel_ltwo_norms = 3.019911986495798e-08 0.015982932906048138
 vp_err_abs_rel_linf_norms = 9.518367581085046e-10 0.01101156337489762
