reading fom    state /home/fnrizzi/waveRuns/romAccuracyScenario2/train2//fom_mesh512x2048_nThreads_36_dt_0.1_T_2000_snaps_true_seismo_true_mat_prem_fRank_1_test_4/state_timestep_20000_sp
reading approx state /home/fnrizzi/waveRuns/romAccuracyScenario2/train2//rom_mesh512x2048_nThreads_18_dt_0.1_T_2000_snaps_true_mat_prem_fRank_14_nPod_415_394/fomReconstructedState_timestep_20000_f_4_sp
 sp_fom_minmax    = -1.1636066741885316 1.1986252626742355
 sp_approx_minmax = -1.1624704885557522 1.1935566016482886
 sp_err_minmax    = -0.015311583121379535 0.008183638015660133
 sp_err_abs_rel_ltwo_norms = 0.3702335001316502 0.011685352406447186
 sp_err_abs_rel_linf_norms = 0.015311583121379535 0.012774287008783781
