reading fom    state /home/fnrizzi/waveRuns/romAccuracyScenario2/train2//fom_mesh512x2048_nThreads_36_dt_0.1_T_2000_snaps_true_seismo_true_mat_prem_fRank_1_test_11/state_timestep_20000_sp
reading approx state /home/fnrizzi/waveRuns/romAccuracyScenario2/train2//rom_mesh512x2048_nThreads_18_dt_0.1_T_2000_snaps_true_mat_prem_fRank_14_nPod_415_394/fomReconstructedState_timestep_20000_f_11_sp
 sp_fom_minmax    = -0.3438349054478519 0.37960949010065237
 sp_approx_minmax = -0.34411017159395035 0.37743454001408594
 sp_err_minmax    = -0.01107950002403274 0.00586001471328132
 sp_err_abs_rel_ltwo_norms = 0.3516699143772192 0.019920689009030584
 sp_err_abs_rel_linf_norms = 0.01107950002403274 0.029186572814855188
