reading fom    state /home/fnrizzi/waveRuns/romAccuracyScenario2/train2//fom_mesh512x2048_nThreads_36_dt_0.1_T_2000_snaps_true_seismo_true_mat_prem_fRank_1_test_7/state_timestep_20000_sp
reading approx state /home/fnrizzi/waveRuns/romAccuracyScenario2/train2//rom_mesh512x2048_nThreads_18_dt_0.1_T_2000_snaps_true_mat_prem_fRank_14_nPod_415_394/fomReconstructedState_timestep_20000_f_7_sp
 sp_fom_minmax    = -1.358115975068079 1.3459612899400317
 sp_approx_minmax = -1.3564982265449583 1.3407462406542232
 sp_err_minmax    = -0.014140133001339372 0.008603766129979595
 sp_err_abs_rel_ltwo_norms = 0.3700540619352836 0.010612785300725645
 sp_err_abs_rel_linf_norms = 0.014140133001339372 0.010411579909904649
