reading fom    state /home/fnrizzi/waveRuns/romAccuracyScenario2/train2//fom_mesh512x2048_nThreads_36_dt_0.1_T_2000_snaps_true_seismo_true_mat_prem_fRank_1_test_2/state_timestep_20000_vp
reading approx state /home/fnrizzi/waveRuns/romAccuracyScenario2/train2//rom_mesh512x2048_nThreads_18_dt_0.1_T_2000_snaps_true_mat_prem_fRank_14_nPod_415_394/fomReconstructedState_timestep_20000_f_2_vp
 vp_fom_minmax    = -4.792533511328501e-08 3.748258399512784e-08
 vp_approx_minmax = -4.7963753797136006e-08 3.7496268521424145e-08
 vp_err_minmax    = -2.7715273215779656e-10 3.73568533848731e-10
 vp_err_abs_rel_ltwo_norms = 1.282095488752967e-08 0.009955588420150896
 vp_err_abs_rel_linf_norms = 3.73568533848731e-10 0.0077948027481852065
