reading fom    state /home/fnrizzi/waveRuns/romAccuracyScenario2/train2//fom_mesh512x2048_nThreads_36_dt_0.1_T_2000_snaps_true_seismo_true_mat_prem_fRank_1_test_9/state_timestep_20000_sp
reading approx state /home/fnrizzi/waveRuns/romAccuracyScenario2/train2//rom_mesh512x2048_nThreads_18_dt_0.1_T_2000_snaps_true_mat_prem_fRank_14_nPod_415_394/fomReconstructedState_timestep_20000_f_9_sp
 sp_fom_minmax    = -0.42112955016071196 0.43925576279258444
 sp_approx_minmax = -0.42164812905611454 0.44108737854733676
 sp_err_minmax    = -0.0035441314938249036 0.0038298661791071886
 sp_err_abs_rel_ltwo_norms = 0.1783896725237119 0.008936645240137781
 sp_err_abs_rel_linf_norms = 0.0038298661791071886 0.00871898903444926
