reading fom    state /home/fnrizzi/waveRuns/romAccuracyScenario2/train2//fom_mesh512x2048_nThreads_36_dt_0.1_T_2000_snaps_true_seismo_true_mat_prem_fRank_1_test_0/state_timestep_20000_sp
reading approx state /home/fnrizzi/waveRuns/romAccuracyScenario2/train2//rom_mesh512x2048_nThreads_18_dt_0.1_T_2000_snaps_true_mat_prem_fRank_14_nPod_415_394/fomReconstructedState_timestep_20000_f_0_sp
 sp_fom_minmax    = -0.8303701152900599 0.9035025046754709
 sp_approx_minmax = -0.8303543486383316 0.9037321198383753
 sp_err_minmax    = -0.0059295702107105 0.0034588727056954014
 sp_err_abs_rel_ltwo_norms = 0.2521069397313632 0.009450060881961875
 sp_err_abs_rel_linf_norms = 0.0059295702107105 0.0065628708055882395
