reading fom    state /home/fnrizzi/waveRuns/romAccuracyScenario2/train2//fom_mesh512x2048_nThreads_36_dt_0.1_T_2000_snaps_true_seismo_true_mat_prem_fRank_1_test_8/state_timestep_20000_vp
reading approx state /home/fnrizzi/waveRuns/romAccuracyScenario2/train2//rom_mesh512x2048_nThreads_18_dt_0.1_T_2000_snaps_true_mat_prem_fRank_14_nPod_415_394/fomReconstructedState_timestep_20000_f_8_vp
 vp_fom_minmax    = -1.0545110907453144e-07 1.0641232331090344e-07
 vp_approx_minmax = -1.0545660866380501e-07 1.0643563244335883e-07
 vp_err_minmax    = -8.438082230992666e-10 8.336171660698314e-10
 vp_err_abs_rel_ltwo_norms = 2.3071099473957382e-08 0.01033072848159984
 vp_err_abs_rel_linf_norms = 8.438082230992666e-10 0.00792961000046887
