reading fom    state /home/fnrizzi/waveRuns/romAccuracyScenario2/train2//fom_mesh512x2048_nThreads_36_dt_0.1_T_2000_snaps_true_seismo_true_mat_prem_fRank_1_test_3/state_timestep_20000_sp
reading approx state /home/fnrizzi/waveRuns/romAccuracyScenario2/train2//rom_mesh512x2048_nThreads_18_dt_0.1_T_2000_snaps_true_mat_prem_fRank_14_nPod_415_394/fomReconstructedState_timestep_20000_f_3_sp
 sp_fom_minmax    = -0.4049200801282478 0.4145446855028664
 sp_approx_minmax = -0.4055791486931177 0.41563955429824945
 sp_err_minmax    = -0.0029481730968779884 0.002651682720197794
 sp_err_abs_rel_ltwo_norms = 0.17079720736659368 0.008716361153916807
 sp_err_abs_rel_linf_norms = 0.0029481730968779884 0.007111834260525343
