reading fom    state /home/fnrizzi/waveRuns/romAccuracyScenario2/train2//fom_mesh512x2048_nThreads_36_dt_0.1_T_2000_snaps_true_seismo_true_mat_prem_fRank_1_test_3/state_timestep_20000_vp
reading approx state /home/fnrizzi/waveRuns/romAccuracyScenario2/train2//rom_mesh512x2048_nThreads_18_dt_0.1_T_2000_snaps_true_mat_prem_fRank_14_nPod_415_394/fomReconstructedState_timestep_20000_f_3_vp
 vp_fom_minmax    = -4.0715528577268895e-08 3.066340105088159e-08
 vp_approx_minmax = -4.081871781272921e-08 3.0670801673229764e-08
 vp_err_minmax    = -1.6487407318003156e-10 4.161469656275027e-10
 vp_err_abs_rel_ltwo_norms = 1.140972010550992e-08 0.010093063396488099
 vp_err_abs_rel_linf_norms = 4.161469656275027e-10 0.01022084153562564
