reading fom    state /home/fnrizzi/waveRuns/romAccuracyScenario2/train2//fom_mesh512x2048_nThreads_36_dt_0.1_T_2000_snaps_true_seismo_true_mat_prem_fRank_1_test_6/state_timestep_20000_sp
reading approx state /home/fnrizzi/waveRuns/romAccuracyScenario2/train2//rom_mesh512x2048_nThreads_18_dt_0.1_T_2000_snaps_true_mat_prem_fRank_14_nPod_415_394/fomReconstructedState_timestep_20000_f_6_sp
 sp_fom_minmax    = -1.2055459987463144 1.2320072712135786
 sp_approx_minmax = -1.2042902755766831 1.2266861675729737
 sp_err_minmax    = -0.015493848950444256 0.008532260167955164
 sp_err_abs_rel_ltwo_norms = 0.3754745996662026 0.011608243359384346
 sp_err_abs_rel_linf_norms = 0.015493848950444256 0.012576101872501261
