reading fom    state /home/fnrizzi/waveRuns/romAccuracyScenario2/train2//fom_mesh512x2048_nThreads_36_dt_0.1_T_2000_snaps_true_seismo_true_mat_prem_fRank_1_test_8/state_timestep_20000_sp
reading approx state /home/fnrizzi/waveRuns/romAccuracyScenario2/train2//rom_mesh512x2048_nThreads_18_dt_0.1_T_2000_snaps_true_mat_prem_fRank_14_nPod_415_394/fomReconstructedState_timestep_20000_f_8_sp
 sp_fom_minmax    = -1.5470657008854076 1.472142316594941
 sp_approx_minmax = -1.5452616820012697 1.46890046423226
 sp_err_minmax    = -0.009014599663350886 0.0064200782231412235
 sp_err_abs_rel_ltwo_norms = 0.31621779594604366 0.00824097311802329
 sp_err_abs_rel_linf_norms = 0.009014599663350886 0.00582690163591094
