reading fom    state /home/fnrizzi/waveRuns/romAccuracyScenario2/train2//fom_mesh512x2048_nThreads_36_dt_0.1_T_2000_snaps_true_seismo_true_mat_prem_fRank_1_test_1/state_timestep_20000_vp
reading approx state /home/fnrizzi/waveRuns/romAccuracyScenario2/train2//rom_mesh512x2048_nThreads_18_dt_0.1_T_2000_snaps_true_mat_prem_fRank_14_nPod_415_394/fomReconstructedState_timestep_20000_f_1_vp
 vp_fom_minmax    = -4.797190215602297e-08 3.7522259867295666e-08
 vp_approx_minmax = -4.8009003443476184e-08 3.7536024155281846e-08
 vp_err_minmax    = -2.7797069992518796e-10 3.7320914389893127e-10
 vp_err_abs_rel_ltwo_norms = 1.2814544251164312e-08 0.00994251378694812
 vp_err_abs_rel_linf_norms = 3.7320914389893127e-10 0.0077797445405669435
