reading fom    state /home/fnrizzi/waveRuns/romAccuracyScenario1/train3_v2//fom_mesh256x1024_nThreads_36_dt_0.1_T_2000_snaps_true_seismo_true_mat_bilayer_fRank_1_test_14/state_timestep_20000_vp
reading approx state /home/fnrizzi/waveRuns/romAccuracyScenario1/train3_v2//rom_mesh256x1024_nThreads_18_dt_0.1_T_2000_snaps_true_mat_bilayer_fRank_1_nPod_2227_2227_test_14/fomReconstructedState_timestep_20000_vp
 vp_fom_minmax    = -2.7194373141975074e-10 3.5796086798660353e-10
 vp_approx_minmax = -2.721266733773164e-10 3.579090110388281e-10
 vp_err_minmax    = -4.87640882768784e-12 2.559013280782273e-12
 vp_err_abs_rel_ltwo_norms = 3.3488854497561756e-11 0.0024331651924371592
 vp_err_abs_rel_linf_norms = 4.87640882768784e-12 0.013622742773856323
