reading fom    state /home/fnrizzi/waveRuns/romAccuracyScenario1/train3_v2//fom_mesh256x1024_nThreads_36_dt_0.1_T_2000_snaps_true_seismo_true_mat_bilayer_fRank_1_test_10/state_timestep_20000_vp
reading approx state /home/fnrizzi/waveRuns/romAccuracyScenario1/train3_v2//rom_mesh256x1024_nThreads_18_dt_0.1_T_2000_snaps_true_mat_bilayer_fRank_1_nPod_117_117_test_10/fomReconstructedState_timestep_20000_vp
 vp_fom_minmax    = -3.6123257051610133e-10 3.53189916651468e-10
 vp_approx_minmax = -3.546352005948787e-10 1.8027351737040756e-09
 vp_err_minmax    = -1.8027621871910521e-09 3.5473836854410286e-10
 vp_err_abs_rel_ltwo_norms = 5.243901399943989e-09 0.3656891274282165
 vp_err_abs_rel_linf_norms = 1.8027621871910521e-09 4.990585939178752
