reading fom    state /home/fnrizzi/waveRuns/romAccuracyScenario1/train3/fom_mesh256x1024_nThreads_36_dt_0.1_T_2000_snaps_true_seismo_true_mat_bilayer_fRank_1_test_1/state_timestep_20000_vp
reading approx state /home/fnrizzi/waveRuns/romAccuracyScenario1/train3/rom_mesh256x1024_nThreads_18_dt_0.1_T_2000_snaps_true_mat_bilayer_fRank_1_nPod_104_104_test_1/fomReconstructedState_timestep_20000_vp
 vp_fom_minmax    = -2.6789588453674096e-10 3.5561590732223824e-10
 vp_approx_minmax = -2.884902383284218e-10 1.8939054763426878e-09
 vp_err_minmax    = -1.8936367160702353e-09 2.878058618631449e-10
 vp_err_abs_rel_ltwo_norms = 4.655306636503291e-09 0.3389143035232343
 vp_err_abs_rel_linf_norms = 1.8936367160702353e-09 5.324949410528852
