reading fom    state /home/fnrizzi/waveRuns/romAccuracyScenario1/train3/fom_mesh256x1024_nThreads_36_dt_0.1_T_2000_snaps_true_seismo_true_mat_bilayer_fRank_1_test_8/state_timestep_20000_sp
reading approx state /home/fnrizzi/waveRuns/romAccuracyScenario1/train3/rom_mesh256x1024_nThreads_18_dt_0.1_T_2000_snaps_true_mat_bilayer_fRank_1_nPod_2133_2133_test_8/fomReconstructedState_timestep_20000_sp
 sp_fom_minmax    = -0.009451244926736184 0.008206349329493007
 sp_approx_minmax = -0.009461393184885493 0.008222745719704399
 sp_err_minmax    = -0.0011278589461825796 0.00038523954580404996
 sp_err_abs_rel_ltwo_norms = 0.00656375727449622 0.017171192922575653
 sp_err_abs_rel_linf_norms = 0.0011278589461825796 0.11933443212248497
