reading fom    state /home/fnrizzi/waveRuns/romAccuracyScenario1/train3/fom_mesh256x1024_nThreads_36_dt_0.1_T_2000_snaps_true_seismo_true_mat_bilayer_fRank_1_test_7/state_timestep_20000_sp
reading approx state /home/fnrizzi/waveRuns/romAccuracyScenario1/train3/rom_mesh256x1024_nThreads_18_dt_0.1_T_2000_snaps_true_mat_bilayer_fRank_1_nPod_2255_2255_test_7/fomReconstructedState_timestep_20000_sp
 sp_fom_minmax    = -0.009468512746925922 0.008017693474849765
 sp_approx_minmax = -0.009457909046294255 0.008025571019693718
 sp_err_minmax    = -0.00027885021627737034 0.0005261749858189363
 sp_err_abs_rel_ltwo_norms = 0.00553872092963019 0.014511449039863249
 sp_err_abs_rel_linf_norms = 0.0005261749858189363 0.055571027877611076
