reading fom    state /home/fnrizzi/romAccuracyT4/fom_mesh512x2048_nThreads_36_dt_0.1_T_2000.0_snaps_true_seismo_true_mat_prem_fRank_1_test_4/finalFomState_sp_0
reading approx state /home/fnrizzi/romAccuracyT4/rom_mesh512x2048_nThreads_18_dt_0.1_T_2000.0_snaps_true_mat_prem_fRank_6_nPod_342_342/finalFomState_sp_4
 sp_fom_minmax    = -1.9181854392302928 1.7386659448612778
 sp_approx_minmax = -1.9175188091169142 1.734186405392312
 sp_err_minmax    = -0.038922981288655414 0.05440732787415765
 sp_err_abs_rel_ltwo_norms = 0.8865399430492783 0.018355669322864622
 sp_err_abs_rel_linf_norms = 0.05440732787415765 0.028363956248145427
