reading fom    state /home/fnrizzi/romAccuracyT4/fom_mesh512x2048_nThreads_36_dt_0.1_T_2000.0_snaps_true_seismo_true_mat_prem_fRank_1_test_4/finalFomState_vp_0
reading approx state /home/fnrizzi/romAccuracyT4/rom_mesh512x2048_nThreads_18_dt_0.1_T_2000.0_snaps_true_mat_prem_fRank_6_nPod_342_342/finalFomState_vp_4
 vp_fom_minmax    = -1.203220505688684e-07 1.3162000284543027e-07
 vp_approx_minmax = -1.2009573726913476e-07 1.3148709742573853e-07
 vp_err_minmax    = -1.0187606720313703e-08 8.82561567751557e-09
 vp_err_abs_rel_ltwo_norms = 7.879707936646185e-08 0.028153863805657674
 vp_err_abs_rel_linf_norms = 1.0187606720313703e-08 0.07740166008260657
