reading fom    state /home/fnrizzi/romAccuracyT4/fom_mesh512x2048_nThreads_36_dt_0.1_T_2000.0_snaps_true_seismo_true_mat_prem_fRank_1_test_2/finalFomState_vp_0
reading approx state /home/fnrizzi/romAccuracyT4/rom_mesh512x2048_nThreads_18_dt_0.1_T_2000.0_snaps_true_mat_prem_fRank_6_nPod_342_342/finalFomState_vp_2
 vp_fom_minmax    = -1.240122250486767e-07 1.404439212047895e-07
 vp_approx_minmax = -1.3501651193633433e-07 1.4122456703072642e-07
 vp_err_minmax    = -6.299177714971994e-08 1.350200389357282e-07
 vp_err_abs_rel_ltwo_norms = 6.389466462515526e-07 0.19015454845268984
 vp_err_abs_rel_linf_norms = 1.350200389357282e-07 0.9613804412285498
