reading fom    state /home/fnrizzi/romAccuracyT4/fom_mesh512x2048_nThreads_36_dt_0.1_T_2000.0_snaps_true_seismo_true_mat_prem_fRank_1_test_1/finalFomState_sp_0
reading approx state /home/fnrizzi/romAccuracyT4/rom_mesh512x2048_nThreads_18_dt_0.1_T_2000.0_snaps_true_mat_prem_fRank_6_nPod_342_342/finalFomState_sp_1
 sp_fom_minmax    = -1.1644064335140922 1.1992698714498682
 sp_approx_minmax = -1.1688857763745197 1.1887155332471127
 sp_err_minmax    = -0.014844451212916845 0.027183069634551357
 sp_err_abs_rel_ltwo_norms = 0.8659188519107704 0.027319434422528537
 sp_err_abs_rel_linf_norms = 0.027183069634551357 0.022666349152662475
