reading fom    state /home/fnrizzi/romAccuracyT4/fom_mesh512x2048_nThreads_36_dt_0.1_T_2000.0_snaps_true_seismo_true_mat_prem_fRank_1_test_1/finalFomState_vp_0
reading approx state /home/fnrizzi/romAccuracyT4/rom_mesh512x2048_nThreads_18_dt_0.1_T_2000.0_snaps_true_mat_prem_fRank_6_nPod_342_342/finalFomState_vp_1
 vp_fom_minmax    = -8.394216289507892e-08 7.937560613197554e-08
 vp_approx_minmax = -8.344376111162712e-08 7.923711564728559e-08
 vp_err_minmax    = -1.6047501973396795e-09 2.0428274422693194e-09
 vp_err_abs_rel_ltwo_norms = 4.8512432591315616e-08 0.02619183053023432
 vp_err_abs_rel_linf_norms = 2.0428274422693194e-09 0.02433613063821923
