reading fom    state /home/fnrizzi/waveRuns/romAccuracyScenario1/train3_v2//fom_mesh256x1024_nThreads_36_dt_0.1_T_2000_snaps_true_seismo_true_mat_bilayer_fRank_1_test_0/state_timestep_20000_sp
reading approx state /home/fnrizzi/waveRuns/romAccuracyScenario1/train3_v2//rom_mesh256x1024_nThreads_18_dt_0.1_T_2000_snaps_true_mat_bilayer_fRank_1_nPod_28_28_test_0/fomReconstructedState_timestep_20000_sp
 sp_fom_minmax    = -0.009213783202542989 0.006689449546627719
 sp_approx_minmax = -0.06436217641605295 0.047678058451275304
 sp_err_minmax    = -0.04767687179680708 0.06437374271709993
 sp_err_abs_rel_ltwo_norms = 0.8927726341186778 2.366486755015339
 sp_err_abs_rel_linf_norms = 0.06437374271709993 6.986678685833729
