reading fom    state /home/fnrizzi/waveRuns/romAccuracyScenario1/train3_v2//fom_mesh256x1024_nThreads_36_dt_0.1_T_2000_snaps_true_seismo_true_mat_bilayer_fRank_1_test_0/state_timestep_20000_vp
reading approx state /home/fnrizzi/waveRuns/romAccuracyScenario1/train3_v2//rom_mesh256x1024_nThreads_18_dt_0.1_T_2000_snaps_true_mat_bilayer_fRank_1_nPod_1914_1914_test_0/fomReconstructedState_timestep_20000_vp
 vp_fom_minmax    = -2.6376469243093067e-10 3.5174279155615993e-10
 vp_approx_minmax = -2.6565847269166086e-10 3.5087818033347796e-10
 vp_err_minmax    = -3.40479336561871e-11 3.375980181553887e-11
 vp_err_abs_rel_ltwo_norms = 2.803246339015159e-10 0.02045130059419554
 vp_err_abs_rel_linf_norms = 3.40479336561871e-11 0.09679781497597781
