reading fom    state /home/fnrizzi/waveRuns/romAccuracyScenario1/train3_v2//fom_mesh256x1024_nThreads_36_dt_0.1_T_2000_snaps_true_seismo_true_mat_bilayer_fRank_1_test_3/state_timestep_20000_vp
reading approx state /home/fnrizzi/waveRuns/romAccuracyScenario1/train3_v2//rom_mesh256x1024_nThreads_18_dt_0.1_T_2000_snaps_true_mat_bilayer_fRank_1_nPod_1914_1914_test_3/fomReconstructedState_timestep_20000_vp
 vp_fom_minmax    = -2.19983787037272e-10 3.251192024404941e-10
 vp_approx_minmax = -2.2015270308772188e-10 3.2373319853089406e-10
 vp_err_minmax    = -2.5045311695006535e-11 2.271128884240262e-11
 vp_err_abs_rel_ltwo_norms = 2.8085422798769616e-10 0.02111005547272244
 vp_err_abs_rel_linf_norms = 2.5045311695006535e-11 0.07703424315452584
