reading fom    state /home/fnrizzi/waveRuns/romAccuracyScenario1/train3_v2//fom_mesh256x1024_nThreads_36_dt_0.1_T_2000_snaps_true_seismo_true_mat_bilayer_fRank_1_test_3/state_timestep_20000_sp
reading approx state /home/fnrizzi/waveRuns/romAccuracyScenario1/train3_v2//rom_mesh256x1024_nThreads_18_dt_0.1_T_2000_snaps_true_mat_bilayer_fRank_1_nPod_1914_1914_test_3/fomReconstructedState_timestep_20000_sp
 sp_fom_minmax    = -0.008017887323481075 0.005703603903273843
 sp_approx_minmax = -0.016386067460678656 0.03898926142468119
 sp_err_minmax    = -0.038983568583064586 0.016413657603454916
 sp_err_abs_rel_ltwo_norms = 0.06709496109358845 0.18096400977742036
 sp_err_abs_rel_linf_norms = 0.038983568583064586 4.862074884601813
