reading fom    state /home/fnrizzi/waveRuns/romAccuracyScenario1/train3/fom_mesh256x1024_nThreads_36_dt_0.1_T_2000_snaps_true_seismo_true_mat_bilayer_fRank_1_test_7/state_timestep_20000_sp
reading approx state /home/fnrizzi/waveRuns/romAccuracyScenario1/train3/rom_mesh256x1024_nThreads_18_dt_0.1_T_2000_snaps_true_mat_bilayer_fRank_1_nPod_26_26_test_7/fomReconstructedState_timestep_20000_sp
 sp_fom_minmax    = -0.009468512746925922 0.008017693474849765
 sp_approx_minmax = -0.061633804742816274 0.06238510364960057
 sp_err_minmax    = -0.06239038113396635 0.06164072839306437
 sp_err_abs_rel_ltwo_norms = 1.1294277257039917 2.959100682990437
 sp_err_abs_rel_linf_norms = 0.06239038113396635 6.58924825910196
