reading fom    state /home/fnrizzi/waveRuns/romAccuracyScenario1/train3/fom_mesh256x1024_nThreads_36_dt_0.1_T_2000_snaps_true_seismo_true_mat_bilayer_fRank_1_test_7/state_timestep_20000_vp
reading approx state /home/fnrizzi/waveRuns/romAccuracyScenario1/train3/rom_mesh256x1024_nThreads_18_dt_0.1_T_2000_snaps_true_mat_bilayer_fRank_1_nPod_26_26_test_7/fomReconstructedState_timestep_20000_vp
 vp_fom_minmax    = -3.2233503147477926e-10 3.724589498060381e-10
 vp_approx_minmax = -9.35081968970364e-10 2.1244321465151527e-09
 vp_err_minmax    = -2.1253629273162595e-09 9.345505073497895e-10
 vp_err_abs_rel_ltwo_norms = 3.1342946658525124e-08 2.2305462518572248
 vp_err_abs_rel_linf_norms = 2.1253629273162595e-09 5.706301133112963
