reading fom    state /home/fnrizzi/waveRuns/romAccuracyScenario1/train3/fom_mesh256x1024_nThreads_36_dt_0.1_T_2000_snaps_true_seismo_true_mat_bilayer_fRank_1_test_7/state_timestep_20000_vp
reading approx state /home/fnrizzi/waveRuns/romAccuracyScenario1/train3/rom_mesh256x1024_nThreads_18_dt_0.1_T_2000_snaps_true_mat_bilayer_fRank_1_nPod_2340_2340_test_7/fomReconstructedState_timestep_20000_vp
 vp_fom_minmax    = -3.2233503147477926e-10 3.724589498060381e-10
 vp_approx_minmax = -3.228225807245805e-10 3.729863084383643e-10
 vp_err_minmax    = -9.729495684531722e-12 1.0934705171750801e-11
 vp_err_abs_rel_ltwo_norms = 2.0795199987925177e-10 0.014799072944557214
 vp_err_abs_rel_linf_norms = 1.0934705171750801e-11 0.029358148535416222
