reading fom    state /home/fnrizzi/waveRuns/romAccuracyScenario1/train3_v2//fom_mesh256x1024_nThreads_36_dt_0.1_T_2000_snaps_true_seismo_true_mat_bilayer_fRank_1_test_12/state_timestep_20000_vp
reading approx state /home/fnrizzi/waveRuns/romAccuracyScenario1/train3_v2//rom_mesh256x1024_nThreads_18_dt_0.1_T_2000_snaps_true_mat_bilayer_fRank_1_nPod_2227_2227_test_12/fomReconstructedState_timestep_20000_vp
 vp_fom_minmax    = -3.483618281468883e-10 3.6712963356963777e-10
 vp_approx_minmax = -3.483660233141246e-10 3.668569461115423e-10
 vp_err_minmax    = -1.5837910312386664e-11 1.280689516599182e-11
 vp_err_abs_rel_ltwo_norms = 1.10545195428218e-10 0.007779846016844563
 vp_err_abs_rel_linf_norms = 1.5837910312386664e-11 0.043139830904939745
