reading fom    state /home/fnrizzi/romAccuracyT4/fom_mesh512x2048_nThreads_36_dt_0.1_T_2000.0_snaps_true_seismo_true_mat_prem_fRank_1_test_5/finalFomState_vp_0
reading approx state /home/fnrizzi/romAccuracyT4/rom_mesh512x2048_nThreads_18_dt_0.1_T_2000.0_snaps_true_mat_prem_fRank_6_nPod_311_311/finalFomState_vp_5
 vp_fom_minmax    = -3.959188791929077e-08 2.947016804189463e-08
 vp_approx_minmax = -4.072141133441399e-08 3.102042794614635e-08
 vp_err_minmax    = -9.336742962276983e-09 3.227806546611469e-09
 vp_err_abs_rel_ltwo_norms = 1.9746428203480878e-07 0.1785010822072164
 vp_err_abs_rel_linf_norms = 9.336742962276983e-09 0.2358246462333448
