reading fom    state /home/fnrizzi/romAccuracyT4/fom_mesh512x2048_nThreads_36_dt_0.1_T_2000.0_snaps_true_seismo_true_mat_prem_fRank_1_test_4/finalFomState_sp_0
reading approx state /home/fnrizzi/romAccuracyT4/rom_mesh512x2048_nThreads_18_dt_0.1_T_2000.0_snaps_true_mat_prem_fRank_6_nPod_311_311/finalFomState_sp_4
 sp_fom_minmax    = -1.9181854392302928 1.7386659448612778
 sp_approx_minmax = -1.9123860818112097 1.7420802005312326
 sp_err_minmax    = -0.7496254155288863 1.4736482353093352
 sp_err_abs_rel_ltwo_norms = 9.643859780089887 0.19967459166085683
 sp_err_abs_rel_linf_norms = 1.4736482353093352 0.768251184254982
