reading fom    state /home/fnrizzi/romAccuracyT4/fom_mesh512x2048_nThreads_36_dt_0.1_T_2000.0_snaps_true_seismo_true_mat_prem_fRank_1_test_1/finalFomState_vp_0
reading approx state /home/fnrizzi/romAccuracyT4/rom_mesh512x2048_nThreads_18_dt_0.1_T_2000.0_snaps_true_mat_prem_fRank_6_nPod_311_311/finalFomState_vp_1
 vp_fom_minmax    = -8.394216289507892e-08 7.937560613197554e-08
 vp_approx_minmax = -8.12376845181123e-08 7.703389880053895e-08
 vp_err_minmax    = -9.738757858314547e-09 3.4608874285896194e-08
 vp_err_abs_rel_ltwo_norms = 3.2825606124393967e-07 0.17722523211838645
 vp_err_abs_rel_linf_norms = 3.4608874285896194e-08 0.4122942880225109
