reading fom    state /home/fnrizzi/waveRuns/romAccuracyScenario1/train3_v2//fom_mesh256x1024_nThreads_36_dt_0.1_T_2000_snaps_true_seismo_true_mat_bilayer_fRank_1_test_1/state_timestep_20000_vp
reading approx state /home/fnrizzi/waveRuns/romAccuracyScenario1/train3_v2//rom_mesh256x1024_nThreads_18_dt_0.1_T_2000_snaps_true_mat_bilayer_fRank_1_nPod_1117_1117_test_1/fomReconstructedState_timestep_20000_vp
 vp_fom_minmax    = -2.360281908877452e-10 3.2496987045308033e-10
 vp_approx_minmax = -2.3947173690917114e-10 3.2669845728564656e-10
 vp_err_minmax    = -5.6841359836758256e-11 4.462858493617875e-11
 vp_err_abs_rel_ltwo_norms = 6.175079174112742e-10 0.04581223392793374
 vp_err_abs_rel_linf_norms = 5.6841359836758256e-11 0.17491270731501585
