reading fom    state /home/fnrizzi/waveRuns/romAccuracyScenario1/train3/fom_mesh256x1024_nThreads_36_dt_0.1_T_2000_snaps_true_seismo_true_mat_bilayer_fRank_1_test_12/state_timestep_20000_vp
reading approx state /home/fnrizzi/waveRuns/romAccuracyScenario1/train3/rom_mesh256x1024_nThreads_18_dt_0.1_T_2000_snaps_true_mat_bilayer_fRank_1_nPod_26_26_test_12/fomReconstructedState_timestep_20000_vp
 vp_fom_minmax    = -3.483618281468883e-10 3.6712963356963777e-10
 vp_approx_minmax = -7.685647396389433e-10 2.848263820037904e-10
 vp_err_minmax    = -3.0475493764542774e-10 7.691868218381652e-10
 vp_err_abs_rel_ltwo_norms = 2.7852292527197016e-08 1.9601625040177135
 vp_err_abs_rel_linf_norms = 7.691868218381652e-10 2.0951368440604634
