reading fom    state /home/fnrizzi/romAccuracyT4/fom_mesh512x2048_nThreads_36_dt_0.1_T_2000.0_snaps_true_seismo_true_mat_prem_fRank_1_test_9/finalFomState_vp_0
reading approx state /home/fnrizzi/romAccuracyT4/rom_mesh512x2048_nThreads_18_dt_0.1_T_2000.0_snaps_true_mat_prem_fRank_14_nPod_275_275/finalFomState_vp_9
 vp_fom_minmax    = -4.178010993194785e-08 3.1759270330385817e-08
 vp_approx_minmax = -4.325811080268063e-08 4.982019680967491e-08
 vp_err_minmax    = -4.9820831525370083e-08 7.546790973208177e-09
 vp_err_abs_rel_ltwo_norms = 5.298324764251599e-07 0.459380394448267
 vp_err_abs_rel_linf_norms = 4.9820831525370083e-08 1.1924533374019144
