reading fom    state /home/fnrizzi/waveRuns/romAccuracyScenario1/train3/fom_mesh256x1024_nThreads_36_dt_0.1_T_2000_snaps_true_seismo_true_mat_bilayer_fRank_1_test_6/state_timestep_20000_sp
reading approx state /home/fnrizzi/waveRuns/romAccuracyScenario1/train3/rom_mesh256x1024_nThreads_18_dt_0.1_T_2000_snaps_true_mat_bilayer_fRank_1_nPod_1819_1819_test_6/fomReconstructedState_timestep_20000_sp
 sp_fom_minmax    = -0.009521278842316782 0.007851867327942496
 sp_approx_minmax = -7.998434081511393 3.5583424492016817
 sp_err_minmax    = -3.5583288563370394 7.998436189997858
 sp_err_abs_rel_ltwo_norms = 13.1550140232903 34.511405317265286
 sp_err_abs_rel_linf_norms = 7.998436189997858 840.0590217407838
