reading fom    state /home/fnrizzi/waveRuns/romAccuracyScenario1/train3/fom_mesh256x1024_nThreads_36_dt_0.1_T_2000_snaps_true_seismo_true_mat_bilayer_fRank_1_test_6/state_timestep_20000_vp
reading approx state /home/fnrizzi/waveRuns/romAccuracyScenario1/train3/rom_mesh256x1024_nThreads_18_dt_0.1_T_2000_snaps_true_mat_bilayer_fRank_1_nPod_1819_1819_test_6/fomReconstructedState_timestep_20000_vp
 vp_fom_minmax    = -3.139035594411086e-10 3.7138037374264543e-10
 vp_approx_minmax = -1.0942828675859836e-08 8.675752613575316e-09
 vp_err_minmax    = -8.675415885896602e-09 1.0942864313669241e-08
 vp_err_abs_rel_ltwo_norms = 7.424638957071296e-08 5.300116842359741
 vp_err_abs_rel_linf_norms = 1.0942864313669241e-08 29.465381283859365
