reading fom    state /home/fnrizzi/waveRuns/romAccuracyScenario1/train3/fom_mesh256x1024_nThreads_36_dt_0.1_T_2000_snaps_true_seismo_true_mat_bilayer_fRank_1_test_10/state_timestep_20000_sp
reading approx state /home/fnrizzi/waveRuns/romAccuracyScenario1/train3/rom_mesh256x1024_nThreads_18_dt_0.1_T_2000_snaps_true_mat_bilayer_fRank_1_nPod_1819_1819_test_10/fomReconstructedState_timestep_20000_sp
 sp_fom_minmax    = -0.011005515273360815 0.008653253273762637
 sp_approx_minmax = -99.00991085215738 231.2704475728833
 sp_err_minmax    = -231.27045758426684 99.00990349236896
 sp_err_abs_rel_ltwo_norms = 426.3115429618572 1078.199544442174
 sp_err_abs_rel_linf_norms = 231.27045758426684 21014.05084994648
