reading fom    state /home/fnrizzi/waveRuns/romAccuracyScenario1/train3/fom_mesh256x1024_nThreads_36_dt_0.1_T_2000_snaps_true_seismo_true_mat_bilayer_fRank_1_test_3/state_timestep_20000_vp
reading approx state /home/fnrizzi/waveRuns/romAccuracyScenario1/train3/rom_mesh256x1024_nThreads_18_dt_0.1_T_2000_snaps_true_mat_bilayer_fRank_1_nPod_104_104_test_3/fomReconstructedState_timestep_20000_vp
 vp_fom_minmax    = -2.5237124345143444e-10 3.4328387696801826e-10
 vp_approx_minmax = -2.2022381662209712e-10 1.7240775438642616e-09
 vp_err_minmax    = -1.7246586594629653e-09 1.817218821180515e-10
 vp_err_abs_rel_ltwo_norms = 4.150437628807608e-09 0.30466417304947846
 vp_err_abs_rel_linf_norms = 1.7246586594629653e-09 5.024001344588758
