reading fom    state /home/fnrizzi/romAccuracyT4/fom_mesh512x2048_nThreads_36_dt_0.1_T_2000.0_snaps_true_seismo_true_mat_prem_fRank_1_test_8/finalFomState_vp_0
reading approx state /home/fnrizzi/romAccuracyT4/rom_mesh512x2048_nThreads_18_dt_0.1_T_2000.0_snaps_true_mat_prem_fRank_14_nPod_275_275/finalFomState_vp_8
 vp_fom_minmax    = -1.0545110907453144e-07 1.0641232331090344e-07
 vp_approx_minmax = -9.648057155493595e-08 1.5823087016924122e-07
 vp_err_minmax    = -1.5822487872495984e-07 3.215974307217835e-08
 vp_err_abs_rel_ltwo_norms = 1.2717633889990887e-06 0.5694675400892466
 vp_err_abs_rel_linf_norms = 1.5822487872495984e-07 1.4869037137989776
