reading fom    state /home/fnrizzi/romAccuracyT4/fom_mesh512x2048_nThreads_36_dt_0.1_T_2000.0_snaps_true_seismo_true_mat_prem_fRank_1_test_5/finalFomState_vp_0
reading approx state /home/fnrizzi/romAccuracyT4/rom_mesh512x2048_nThreads_18_dt_0.1_T_2000.0_snaps_true_mat_prem_fRank_14_nPod_275_275/finalFomState_vp_5
 vp_fom_minmax    = -1.0764616464143212e-07 1.0947607022853834e-07
 vp_approx_minmax = -9.881687360809e-08 1.601049154422393e-07
 vp_err_minmax    = -1.6009841319203968e-07 3.603342759909358e-08
 vp_err_abs_rel_ltwo_norms = 1.2957959446486052e-06 0.5671202934804659
 vp_err_abs_rel_linf_norms = 1.6009841319203968e-07 1.4624055545456094
