reading fom    state /home/fnrizzi/waveRuns/romAccuracyScenario1/train3/fom_mesh256x1024_nThreads_36_dt_0.1_T_2000_snaps_true_seismo_true_mat_bilayer_fRank_1_test_11/state_timestep_20000_vp
reading approx state /home/fnrizzi/waveRuns/romAccuracyScenario1/train3/rom_mesh256x1024_nThreads_18_dt_0.1_T_2000_snaps_true_mat_bilayer_fRank_1_nPod_2340_2340_test_11/fomReconstructedState_timestep_20000_vp
 vp_fom_minmax    = -2.3192295436893545e-10 3.1914482917700973e-10
 vp_approx_minmax = -2.3083820718565012e-10 3.1428090825324016e-10
 vp_err_minmax    = -1.7032363080382186e-11 1.5376260467441873e-11
 vp_err_abs_rel_ltwo_norms = 7.90269054089178e-10 0.05880106848072889
 vp_err_abs_rel_linf_norms = 1.7032363080382186e-11 0.05336875776525709
