reading fom    state /home/fnrizzi/waveRuns/romAccuracyScenario1/train3_v2//fom_mesh256x1024_nThreads_36_dt_0.1_T_2000_snaps_true_seismo_true_mat_bilayer_fRank_1_test_1/state_timestep_20000_vp
reading approx state /home/fnrizzi/waveRuns/romAccuracyScenario1/train3_v2//rom_mesh256x1024_nThreads_18_dt_0.1_T_2000_snaps_true_mat_bilayer_fRank_1_nPod_2227_2227_test_1/fomReconstructedState_timestep_20000_vp
 vp_fom_minmax    = -2.360281908877452e-10 3.2496987045308033e-10
 vp_approx_minmax = -2.4119910246356196e-10 3.254378312957741e-10
 vp_err_minmax    = -4.125109872749841e-11 2.937174549670218e-11
 vp_err_abs_rel_ltwo_norms = 4.887083500731064e-10 0.036256735541047684
 vp_err_abs_rel_linf_norms = 4.125109872749841e-11 0.12693822559606893
