reading fom    state /home/fnrizzi/waveRuns/romAccuracyScenario1/train3_v2//fom_mesh256x1024_nThreads_36_dt_0.1_T_2000_snaps_true_seismo_true_mat_bilayer_fRank_1_test_14/state_timestep_20000_vp
reading approx state /home/fnrizzi/waveRuns/romAccuracyScenario1/train3_v2//rom_mesh256x1024_nThreads_18_dt_0.1_T_2000_snaps_true_mat_bilayer_fRank_1_nPod_28_28_test_14/fomReconstructedState_timestep_20000_vp
 vp_fom_minmax    = -2.7194373141975074e-10 3.5796086798660353e-10
 vp_approx_minmax = -6.475239546652558e-10 1.784302479973442e-09
 vp_err_minmax    = -1.7840121283838945e-09 6.460066379274124e-10
 vp_err_abs_rel_ltwo_norms = 3.621979931791732e-08 2.6315846361311652
 vp_err_abs_rel_linf_norms = 1.7840121283838945e-09 4.983818869415246
