reading fom    state /home/fnrizzi/waveRuns/romAccuracyScenario1/train3_v2//fom_mesh256x1024_nThreads_36_dt_0.1_T_2000_snaps_true_seismo_true_mat_bilayer_fRank_1_test_1/state_timestep_20000_sp
reading approx state /home/fnrizzi/waveRuns/romAccuracyScenario1/train3_v2//rom_mesh256x1024_nThreads_18_dt_0.1_T_2000_snaps_true_mat_bilayer_fRank_1_nPod_1117_1117_test_1/fomReconstructedState_timestep_20000_sp
 sp_fom_minmax    = -0.008585311102855478 0.006068857766502909
 sp_approx_minmax = -0.008561037235460745 0.0061514457843161955
 sp_err_minmax    = -0.0009105668942753616 0.0010217215133342384
 sp_err_abs_rel_ltwo_norms = 0.016601497683172754 0.04442081772576867
 sp_err_abs_rel_linf_norms = 0.0010217215133342384 0.11900809430125525
