reading fom    state /home/fnrizzi/romAccuracyT4/fom_mesh512x2048_nThreads_36_dt_0.1_T_2000.0_snaps_true_seismo_true_mat_prem_fRank_1_test_11/finalFomState_vp_0
reading approx state /home/fnrizzi/romAccuracyT4/rom_mesh512x2048_nThreads_18_dt_0.1_T_2000.0_snaps_true_mat_prem_fRank_14_nPod_393_393/finalFomState_vp_11
 vp_fom_minmax    = -3.53420896070475e-08 2.7250806865745653e-08
 vp_approx_minmax = -3.511310397803408e-08 2.734678532724954e-08
 vp_err_minmax    = -4.5583145029761003e-10 5.313962610687731e-10
 vp_err_abs_rel_ltwo_norms = 2.1004384515195754e-08 0.020818653006367815
 vp_err_abs_rel_linf_norms = 5.313962610687731e-10 0.015035790667080657
