reading fom    state /home/fnrizzi/waveRuns/romAccuracyScenario1/train3_v2//fom_mesh256x1024_nThreads_36_dt_0.1_T_2000_snaps_true_seismo_true_mat_bilayer_fRank_1_test_14/state_timestep_20000_vp
reading approx state /home/fnrizzi/waveRuns/romAccuracyScenario1/train3_v2//rom_mesh256x1024_nThreads_18_dt_0.1_T_2000_snaps_true_mat_bilayer_fRank_1_nPod_1914_1914_test_14/fomReconstructedState_timestep_20000_vp
 vp_fom_minmax    = -2.7194373141975074e-10 3.5796086798660353e-10
 vp_approx_minmax = -2.72141910941765e-10 3.5798702395563004e-10
 vp_err_minmax    = -2.164351419963931e-11 1.249718145441038e-11
 vp_err_abs_rel_ltwo_norms = 1.2808631125083486e-10 0.00930623512923962
 vp_err_abs_rel_linf_norms = 2.164351419963931e-11 0.06046335266023912
