reading fom    state /home/fnrizzi/waveRuns/romAccuracyScenario1/train3_v2//fom_mesh256x1024_nThreads_36_dt_0.1_T_2000_snaps_true_seismo_true_mat_bilayer_fRank_1_test_14/state_timestep_20000_sp
reading approx state /home/fnrizzi/waveRuns/romAccuracyScenario1/train3_v2//rom_mesh256x1024_nThreads_18_dt_0.1_T_2000_snaps_true_mat_bilayer_fRank_1_nPod_1914_1914_test_14/fomReconstructedState_timestep_20000_sp
 sp_fom_minmax    = -0.009317773022010752 0.006890094461210206
 sp_approx_minmax = -0.009315024162325453 0.006897541461714047
 sp_err_minmax    = -0.0012531400006853747 0.0033855387880552543
 sp_err_abs_rel_ltwo_norms = 0.00615888030577279 0.01629088448727164
 sp_err_abs_rel_linf_norms = 0.0033855387880552543 0.36334205394978203
