reading fom    state /home/fnrizzi/waveRuns/romAccuracyScenario1/train3/fom_mesh256x1024_nThreads_36_dt_0.1_T_2000_snaps_true_seismo_true_mat_bilayer_fRank_1_test_11/state_timestep_20000_vp
reading approx state /home/fnrizzi/waveRuns/romAccuracyScenario1/train3/rom_mesh256x1024_nThreads_18_dt_0.1_T_2000_snaps_true_mat_bilayer_fRank_1_nPod_1050_1050_test_11/fomReconstructedState_timestep_20000_vp
 vp_fom_minmax    = -2.3192295436893545e-10 3.1914482917700973e-10
 vp_approx_minmax = -2.3866683344892176e-10 3.1225655673445425e-10
 vp_err_minmax    = -1.0227055075938185e-10 4.599954595775825e-11
 vp_err_abs_rel_ltwo_norms = 1.5049654888282008e-09 0.11197905107357854
 vp_err_abs_rel_linf_norms = 1.0227055075938185e-10 0.3204518494725752
