reading fom    state /home/fnrizzi/waveRuns/romAccuracyScenario1/train3/fom_mesh256x1024_nThreads_36_dt_0.1_T_2000_snaps_true_seismo_true_mat_bilayer_fRank_1_test_7/state_timestep_20000_vp
reading approx state /home/fnrizzi/waveRuns/romAccuracyScenario1/train3/rom_mesh256x1024_nThreads_18_dt_0.1_T_2000_snaps_true_mat_bilayer_fRank_1_nPod_104_104_test_7/fomReconstructedState_timestep_20000_vp
 vp_fom_minmax    = -3.2233503147477926e-10 3.724589498060381e-10
 vp_approx_minmax = -1.0746474176141823e-09 3.873484550272354e-10
 vp_err_minmax    = -5.673785642524928e-11 1.0737166368130756e-09
 vp_err_abs_rel_ltwo_norms = 3.3900907506597275e-09 0.24125856128728537
 vp_err_abs_rel_linf_norms = 1.0737166368130756e-09 2.8827784575245805
