reading fom    state /home/fnrizzi/waveRuns/romAccuracyScenario1/train3/fom_mesh256x1024_nThreads_36_dt_0.1_T_2000_snaps_true_seismo_true_mat_bilayer_fRank_1_test_7/state_timestep_20000_sp
reading approx state /home/fnrizzi/waveRuns/romAccuracyScenario1/train3/rom_mesh256x1024_nThreads_18_dt_0.1_T_2000_snaps_true_mat_bilayer_fRank_1_nPod_104_104_test_7/fomReconstructedState_timestep_20000_sp
 sp_fom_minmax    = -0.009468512746925922 0.008017693474849765
 sp_approx_minmax = -0.028790634121156393 0.024021819838121905
 sp_err_minmax    = -0.024027097322487683 0.02879764343737091
 sp_err_abs_rel_ltwo_norms = 0.13793341875439186 0.36138556222259766
 sp_err_abs_rel_linf_norms = 0.02879764343737091 3.0414114874292637
