reading fom    state /home/fnrizzi/waveRuns/romAccuracyScenario1/train3_v2//fom_mesh256x1024_nThreads_36_dt_0.1_T_2000_snaps_true_seismo_true_mat_bilayer_fRank_1_test_1/state_timestep_20000_sp
reading approx state /home/fnrizzi/waveRuns/romAccuracyScenario1/train3_v2//rom_mesh256x1024_nThreads_18_dt_0.1_T_2000_snaps_true_mat_bilayer_fRank_1_nPod_222_222_test_1/fomReconstructedState_timestep_20000_sp
 sp_fom_minmax    = -0.008585311102855478 0.006068857766502909
 sp_approx_minmax = -0.01096504072083533 0.009822160114811957
 sp_err_minmax    = -0.009807131156399416 0.010954064165974536
 sp_err_abs_rel_ltwo_norms = 0.03559721678995788 0.09524788117003145
 sp_err_abs_rel_linf_norms = 0.010954064165974536 1.275907656081468
