reading fom    state /home/fnrizzi/waveRuns/romAccuracyScenario1/train3_v2//fom_mesh256x1024_nThreads_36_dt_0.1_T_2000_snaps_true_seismo_true_mat_bilayer_fRank_1_test_1/state_timestep_20000_vp
reading approx state /home/fnrizzi/waveRuns/romAccuracyScenario1/train3_v2//rom_mesh256x1024_nThreads_18_dt_0.1_T_2000_snaps_true_mat_bilayer_fRank_1_nPod_222_222_test_1/fomReconstructedState_timestep_20000_vp
 vp_fom_minmax    = -2.360281908877452e-10 3.2496987045308033e-10
 vp_approx_minmax = -2.363245419864293e-10 3.358987863395515e-10
 vp_err_minmax    = -3.3693792407876413e-10 1.5651075925813664e-10
 vp_err_abs_rel_ltwo_norms = 1.1231879610937017e-09 0.08332808077081369
 vp_err_abs_rel_linf_norms = 3.3693792407876413e-10 1.03682819459231
