reading fom    state /home/fnrizzi/waveRuns/romAccuracyScenario1/train3/fom_mesh256x1024_nThreads_36_dt_0.1_T_2000_snaps_true_seismo_true_mat_bilayer_fRank_1_test_4/state_timestep_20000_sp
reading approx state /home/fnrizzi/waveRuns/romAccuracyScenario1/train3/rom_mesh256x1024_nThreads_18_dt_0.1_T_2000_snaps_true_mat_bilayer_fRank_1_nPod_2255_2255_test_4/fomReconstructedState_timestep_20000_sp
 sp_fom_minmax    = -0.009519839330177566 0.007797777071990026
 sp_approx_minmax = -0.00950961697240536 0.00780863765586665
 sp_err_minmax    = -0.00020741864929997345 0.00019349787850505963
 sp_err_abs_rel_ltwo_norms = 0.0042597748607607075 0.011179562596032016
 sp_err_abs_rel_linf_norms = 0.00020741864929997345 0.02178804096435361
