reading fom    state /home/fnrizzi/waveRuns/romAccuracyScenario2/train2/fom_mesh512x2048_nThreads_36_dt_0.1_T_2000_snaps_true_seismo_true_mat_prem_fRank_1_test_1/state_timestep_20000_vp
reading approx state /home/fnrizzi/waveRuns/romAccuracyScenario2/train2/rom_mesh512x2048_nThreads_18_dt_0.1_T_2000_snaps_true_mat_prem_fRank_14_nPod_436_436/fomReconstructedState_timestep_20000_f_1_vp
 vp_fom_minmax    = -4.797190215602297e-08 3.7522259867295666e-08
 vp_approx_minmax = -4.798364499218918e-08 3.752088618272217e-08
 vp_err_minmax    = -5.756231924178345e-11 5.134867918134529e-11
 vp_err_abs_rel_ltwo_norms = 1.626467600875142e-09 0.0012619392643836117
 vp_err_abs_rel_linf_norms = 5.756231924178345e-11 0.00119991738194097
