reading fom    state /home/fnrizzi/waveRuns/romAccuracyScenario1/train3_v2//fom_mesh256x1024_nThreads_36_dt_0.1_T_2000_snaps_true_seismo_true_mat_bilayer_fRank_1_test_3/state_timestep_20000_sp
reading approx state /home/fnrizzi/waveRuns/romAccuracyScenario1/train3_v2//rom_mesh256x1024_nThreads_18_dt_0.1_T_2000_snaps_true_mat_bilayer_fRank_1_nPod_2385_2385_test_3/fomReconstructedState_timestep_20000_sp
 sp_fom_minmax    = -0.008017887323481075 0.005703603903273843
 sp_approx_minmax = -0.008032664368411869 0.005727365559811193
 sp_err_minmax    = -7.608108425504129e-05 6.48857550878438e-05
 sp_err_abs_rel_ltwo_norms = 0.0036607707140567944 0.009873584193117192
 sp_err_abs_rel_linf_norms = 7.608108425504129e-05 0.00948891911117674
