reading fom    state /home/fnrizzi/waveRuns/romAccuracyScenario1/train3_v2//fom_mesh256x1024_nThreads_36_dt_0.1_T_2000_snaps_true_seismo_true_mat_bilayer_fRank_1_test_1/state_timestep_20000_sp
reading approx state /home/fnrizzi/waveRuns/romAccuracyScenario1/train3_v2//rom_mesh256x1024_nThreads_18_dt_0.1_T_2000_snaps_true_mat_bilayer_fRank_1_nPod_28_28_test_1/fomReconstructedState_timestep_20000_sp
 sp_fom_minmax    = -0.008585311102855478 0.006068857766502909
 sp_approx_minmax = -0.05474748576643368 0.05310203633032029
 sp_err_minmax    = -0.05311301288518108 0.054762514724846216
 sp_err_abs_rel_ltwo_norms = 0.760422334480419 2.0346707603854375
 sp_err_abs_rel_linf_norms = 0.054762514724846216 6.37862904078481
