reading fom    state /home/fnrizzi/romAccuracyT4/fom_mesh512x2048_nThreads_36_dt_0.1_T_2000.0_snaps_true_seismo_true_mat_prem_fRank_1_test_0/finalFomState_sp_0
reading approx state /home/fnrizzi/romAccuracyT4/rom_mesh512x2048_nThreads_18_dt_0.1_T_2000.0_snaps_true_mat_prem_fRank_14_nPod_342_342/finalFomState_sp_0
 sp_fom_minmax    = -0.8303701152900599 0.9035025046754709
 sp_approx_minmax = -0.8370084302849388 0.9061562766375189
 sp_err_minmax    = -0.020954765464482383 0.021757314725609878
 sp_err_abs_rel_ltwo_norms = 0.8036439403683078 0.030124058353937725
 sp_err_abs_rel_linf_norms = 0.021757314725609878 0.024081078484032414
