reading fom    state /home/fnrizzi/waveRuns/romAccuracyScenario1/train3_v2//fom_mesh256x1024_nThreads_36_dt_0.1_T_2000_snaps_true_seismo_true_mat_bilayer_fRank_1_test_8/state_timestep_20000_sp
reading approx state /home/fnrizzi/waveRuns/romAccuracyScenario1/train3_v2//rom_mesh256x1024_nThreads_18_dt_0.1_T_2000_snaps_true_mat_bilayer_fRank_1_nPod_2227_2227_test_8/fomReconstructedState_timestep_20000_sp
 sp_fom_minmax    = -0.009476625053456955 0.007998136268528435
 sp_approx_minmax = -0.010638388720368519 0.008084459341939153
 sp_err_minmax    = -0.004003491729015552 0.010646883181776727
 sp_err_abs_rel_ltwo_norms = 0.020934777092767094 0.05485588327830436
 sp_err_abs_rel_linf_norms = 0.010646883181776727 1.123488913164595
