reading fom    state /home/fnrizzi/waveRuns/romAccuracyScenario1/train3_v2//fom_mesh256x1024_nThreads_36_dt_0.1_T_2000_snaps_true_seismo_true_mat_bilayer_fRank_1_test_13/state_timestep_20000_sp
reading approx state /home/fnrizzi/waveRuns/romAccuracyScenario1/train3_v2//rom_mesh256x1024_nThreads_18_dt_0.1_T_2000_snaps_true_mat_bilayer_fRank_1_nPod_2329_2329_test_13/fomReconstructedState_timestep_20000_sp
 sp_fom_minmax    = -0.007890712083200184 0.00563839536579213
 sp_approx_minmax = -0.007891007363926488 0.00563870679183425
 sp_err_minmax    = -0.0019483364582661739 0.0010165049960831484
 sp_err_abs_rel_ltwo_norms = 0.004316377117373024 0.011658570404477365
 sp_err_abs_rel_linf_norms = 0.0019483364582661739 0.24691516275372702
