reading fom    state /home/fnrizzi/waveRuns/romAccuracyScenario1/train3_v2//fom_mesh256x1024_nThreads_36_dt_0.1_T_2000_snaps_true_seismo_true_mat_bilayer_fRank_1_test_13/state_timestep_20000_vp
reading approx state /home/fnrizzi/waveRuns/romAccuracyScenario1/train3_v2//rom_mesh256x1024_nThreads_18_dt_0.1_T_2000_snaps_true_mat_bilayer_fRank_1_nPod_2329_2329_test_13/fomReconstructedState_timestep_20000_vp
 vp_fom_minmax    = -2.1753833977711014e-10 3.2981670943535316e-10
 vp_approx_minmax = -2.174939254398588e-10 3.2979752866873697e-10
 vp_err_minmax    = -2.6891563740218094e-12 1.944826008161241e-12
 vp_err_abs_rel_ltwo_norms = 2.184427647141718e-11 0.0016456351418568252
 vp_err_abs_rel_linf_norms = 2.6891563740218094e-12 0.008153487367652324
