reading fom    state /home/fnrizzi/waveRuns/romAccuracyScenario2/train2/fom_mesh512x2048_nThreads_36_dt_0.1_T_2000_snaps_true_seismo_true_mat_prem_fRank_1_test_4/state_timestep_20000_sp
reading approx state /home/fnrizzi/waveRuns/romAccuracyScenario2/train2/rom_mesh512x2048_nThreads_18_dt_0.1_T_2000_snaps_true_mat_prem_fRank_14_nPod_342_342/fomReconstructedState_timestep_20000_f_4_sp
 sp_fom_minmax    = -1.1636066741885316 1.1986252626742355
 sp_approx_minmax = -1.1680434965856943 1.1879789679735604
 sp_err_minmax    = -0.014785150644282747 0.02734818099659581
 sp_err_abs_rel_ltwo_norms = 0.863163344834536 0.027243260982954456
 sp_err_abs_rel_linf_norms = 0.02734818099659581 0.022816289501173766
