reading fom    state /home/fnrizzi/waveRuns/romAccuracyScenario2/train2/fom_mesh512x2048_nThreads_36_dt_0.1_T_2000_snaps_true_seismo_true_mat_prem_fRank_1_test_8/state_timestep_20000_vp
reading approx state /home/fnrizzi/waveRuns/romAccuracyScenario2/train2/rom_mesh512x2048_nThreads_18_dt_0.1_T_2000_snaps_true_mat_prem_fRank_14_nPod_342_342/fomReconstructedState_timestep_20000_f_8_vp
 vp_fom_minmax    = -1.0545110907453144e-07 1.0641232331090344e-07
 vp_approx_minmax = -1.043063808644216e-07 1.0604919890921864e-07
 vp_err_minmax    = -2.685415223672465e-09 2.216413378628101e-09
 vp_err_abs_rel_ltwo_norms = 7.266872677350449e-08 0.03253944989696101
 vp_err_abs_rel_linf_norms = 2.685415223672465e-09 0.025235942042412925
