reading fom    state /home/fnrizzi/waveRuns/romAccuracyScenario2/train2/fom_mesh512x2048_nThreads_36_dt_0.1_T_2000_snaps_true_seismo_true_mat_prem_fRank_1_test_11/state_timestep_20000_vp
reading approx state /home/fnrizzi/waveRuns/romAccuracyScenario2/train2/rom_mesh512x2048_nThreads_18_dt_0.1_T_2000_snaps_true_mat_prem_fRank_14_nPod_342_342/fomReconstructedState_timestep_20000_f_11_vp
 vp_fom_minmax    = -3.53420896070475e-08 2.7250806865745653e-08
 vp_approx_minmax = -3.512169833551083e-08 2.7448785513472144e-08
 vp_err_minmax    = -1.0086484283586165e-09 1.8888771249360727e-09
 vp_err_abs_rel_ltwo_norms = 6.110438076507018e-08 0.060564064583594694
 vp_err_abs_rel_linf_norms = 1.8888771249360727e-09 0.05344554173048713
