reading fom    state /home/fnrizzi/waveRuns/romAccuracyScenario2/train2/fom_mesh512x2048_nThreads_36_dt_0.1_T_2000_snaps_true_seismo_true_mat_prem_fRank_1_test_0/state_timestep_20000_sp
reading approx state /home/fnrizzi/waveRuns/romAccuracyScenario2/train2/rom_mesh512x2048_nThreads_18_dt_0.1_T_2000_snaps_true_mat_prem_fRank_14_nPod_342_342/fomReconstructedState_timestep_20000_f_0_sp
 sp_fom_minmax    = -0.8303701152900599 0.9035025046754709
 sp_approx_minmax = -0.8369173992248261 0.9060763043519624
 sp_err_minmax    = -0.020384843980780776 0.021112443113209756
 sp_err_abs_rel_ltwo_norms = 0.7925290057786997 0.029707422426807975
 sp_err_abs_rel_linf_norms = 0.021112443113209756 0.023367332136830253
