reading fom    state /home/fnrizzi/waveRuns/romAccuracyScenario2/train2/fom_mesh512x2048_nThreads_36_dt_0.1_T_2000_snaps_true_seismo_true_mat_prem_fRank_1_test_13/state_timestep_20000_sp
reading approx state /home/fnrizzi/waveRuns/romAccuracyScenario2/train2/rom_mesh512x2048_nThreads_18_dt_0.1_T_2000_snaps_true_mat_prem_fRank_14_nPod_342_342/fomReconstructedState_timestep_20000_f_13_sp
 sp_fom_minmax    = -0.3882001245748058 0.39643063846874643
 sp_approx_minmax = -0.38733970105947046 0.39601195491605495
 sp_err_minmax    = -0.016752563242345687 0.008768087323537078
 sp_err_abs_rel_ltwo_norms = 0.6043220635544956 0.03146177042545534
 sp_err_abs_rel_linf_norms = 0.016752563242345687 0.042258497746425865
