reading fom    state /home/fnrizzi/waveRuns/romAccuracyScenario2/train2/fom_mesh512x2048_nThreads_36_dt_0.1_T_2000_snaps_true_seismo_true_mat_prem_fRank_1_test_10/state_timestep_20000_sp
reading approx state /home/fnrizzi/waveRuns/romAccuracyScenario2/train2/rom_mesh512x2048_nThreads_18_dt_0.1_T_2000_snaps_true_mat_prem_fRank_14_nPod_342_342/fomReconstructedState_timestep_20000_f_10_sp
 sp_fom_minmax    = -2.0760992946412564 1.8039889154082287
 sp_approx_minmax = -2.0872864192968645 1.8310247116036296
 sp_err_minmax    = -0.3405494977828917 0.17414057823081175
 sp_err_abs_rel_ltwo_norms = 5.708106769115712 0.0982346729664064
 sp_err_abs_rel_linf_norms = 0.3405494977828917 0.16403333822322674
