reading fom    state /home/fnrizzi/waveRuns/romAccuracyScenario2/train2/fom_mesh512x2048_nThreads_36_dt_0.1_T_2000_snaps_true_seismo_true_mat_prem_fRank_1_test_8/state_timestep_20000_sp
reading approx state /home/fnrizzi/waveRuns/romAccuracyScenario2/train2/rom_mesh512x2048_nThreads_18_dt_0.1_T_2000_snaps_true_mat_prem_fRank_14_nPod_342_342/fomReconstructedState_timestep_20000_f_8_sp
 sp_fom_minmax    = -1.5470657008854076 1.472142316594941
 sp_approx_minmax = -1.5452185967368384 1.4527160282381626
 sp_err_minmax    = -0.029344502359968105 0.035341267895233744
 sp_err_abs_rel_ltwo_norms = 1.1699642154459393 0.030490515626085606
 sp_err_abs_rel_linf_norms = 0.035341267895233744 0.022844064007758322
