reading fom    state /home/fnrizzi/romAccuracyT4/fom_mesh512x2048_nThreads_36_dt_0.1_T_2000.0_snaps_true_seismo_true_mat_prem_fRank_1_test_4/finalFomState_vp_0
reading approx state /home/fnrizzi/romAccuracyT4/rom_mesh512x2048_nThreads_18_dt_0.1_T_2000.0_snaps_true_mat_prem_fRank_14_nPod_275_275/finalFomState_vp_4
 vp_fom_minmax    = -8.389318122707831e-08 7.931851793649922e-08
 vp_approx_minmax = -7.587195355603971e-08 1.299559211519588e-07
 vp_err_minmax    = -1.2995387644284624e-07 1.699225657552297e-08
 vp_err_abs_rel_ltwo_norms = 1.0612062781304463e-06 0.5731671009878863
 vp_err_abs_rel_linf_norms = 1.2995387644284624e-07 1.549039797300008
