reading fom    state /home/fnrizzi/waveRuns/romAccuracyScenario1/train3_v2//fom_mesh256x1024_nThreads_36_dt_0.1_T_2000_snaps_true_seismo_true_mat_bilayer_fRank_1_test_13/state_timestep_20000_vp
reading approx state /home/fnrizzi/waveRuns/romAccuracyScenario1/train3_v2//rom_mesh256x1024_nThreads_18_dt_0.1_T_2000_snaps_true_mat_bilayer_fRank_1_nPod_117_117_test_13/fomReconstructedState_timestep_20000_vp
 vp_fom_minmax    = -2.1753833977711014e-10 3.2981670943535316e-10
 vp_approx_minmax = -2.426424121284627e-10 7.104711535033831e-10
 vp_err_minmax    = -7.109231770205421e-10 2.0928280676334065e-10
 vp_err_abs_rel_ltwo_norms = 3.365047762968412e-09 0.2535053454397271
 vp_err_abs_rel_linf_norms = 7.109231770205421e-10 2.155509883770425
