reading fom    state /home/fnrizzi/waveRuns/romAccuracyScenario2/train2//fom_mesh512x2048_nThreads_36_dt_0.1_T_2000_snaps_true_seismo_true_mat_prem_fRank_1_test_10/state_timestep_20000_vp
reading approx state /home/fnrizzi/waveRuns/romAccuracyScenario2/train2//rom_mesh512x2048_nThreads_18_dt_0.1_T_2000_snaps_true_mat_prem_fRank_14_nPod_393_370/fomReconstructedState_timestep_20000_f_10_vp
 vp_fom_minmax    = -1.240122250486767e-07 1.404439212047895e-07
 vp_approx_minmax = -1.2409968780063588e-07 1.4071144693444852e-07
 vp_err_minmax    = -1.276729790725357e-08 7.310185474048865e-09
 vp_err_abs_rel_ltwo_norms = 1.0070365265134787e-07 0.02997004164556571
 vp_err_abs_rel_linf_norms = 1.276729790725357e-08 0.09090673200897621
