reading fom    state /home/fnrizzi/waveRuns/romAccuracyScenario2/train2//fom_mesh512x2048_nThreads_36_dt_0.1_T_2000_snaps_true_seismo_true_mat_prem_fRank_1_test_3/state_timestep_20000_vp
reading approx state /home/fnrizzi/waveRuns/romAccuracyScenario2/train2//rom_mesh512x2048_nThreads_18_dt_0.1_T_2000_snaps_true_mat_prem_fRank_14_nPod_393_370/fomReconstructedState_timestep_20000_f_3_vp
 vp_fom_minmax    = -4.0715528577268895e-08 3.066340105088159e-08
 vp_approx_minmax = -4.0982309574728165e-08 3.066637456939928e-08
 vp_err_minmax    = -9.820307102701895e-10 4.315026381708553e-10
 vp_err_abs_rel_ltwo_norms = 3.137938544892529e-08 0.02775827309960857
 vp_err_abs_rel_linf_norms = 9.820307102701895e-10 0.024119316255627545
