reading fom    state /home/fnrizzi/waveRuns/romAccuracyScenario2/train2//fom_mesh512x2048_nThreads_36_dt_0.1_T_2000_snaps_true_seismo_true_mat_prem_fRank_1_test_11/state_timestep_20000_vp
reading approx state /home/fnrizzi/waveRuns/romAccuracyScenario2/train2//rom_mesh512x2048_nThreads_18_dt_0.1_T_2000_snaps_true_mat_prem_fRank_14_nPod_393_370/fomReconstructedState_timestep_20000_f_11_vp
 vp_fom_minmax    = -3.53420896070475e-08 2.7250806865745653e-08
 vp_approx_minmax = -3.4994123658715604e-08 2.764992898011766e-08
 vp_err_minmax    = -1.1761715316780871e-09 8.672624260464431e-10
 vp_err_abs_rel_ltwo_norms = 4.4631874340777414e-08 0.04423721648459818
 vp_err_abs_rel_linf_norms = 1.1761715316780871e-09 0.033279626212128356
