reading fom    state /home/fnrizzi/waveRuns/romAccuracyScenario2/train2//fom_mesh512x2048_nThreads_36_dt_0.1_T_2000_snaps_true_seismo_true_mat_prem_fRank_1_test_10/state_timestep_20000_sp
reading approx state /home/fnrizzi/waveRuns/romAccuracyScenario2/train2//rom_mesh512x2048_nThreads_18_dt_0.1_T_2000_snaps_true_mat_prem_fRank_14_nPod_393_370/fomReconstructedState_timestep_20000_f_10_sp
 sp_fom_minmax    = -2.0760992946412564 1.8039889154082287
 sp_approx_minmax = -2.0793544599091223 1.8091163051591521
 sp_err_minmax    = -0.1539600672548664 0.11314800350809326
 sp_err_abs_rel_ltwo_norms = 2.5805868520249415 0.04441106582688369
 sp_err_abs_rel_linf_norms = 0.1539600672548664 0.07415833512985719
