reading fom    state /home/fnrizzi/waveRuns/romAccuracyScenario2/train2//fom_mesh512x2048_nThreads_36_dt_0.1_T_2000_snaps_true_seismo_true_mat_prem_fRank_1_test_8/state_timestep_20000_vp
reading approx state /home/fnrizzi/waveRuns/romAccuracyScenario2/train2//rom_mesh512x2048_nThreads_18_dt_0.1_T_2000_snaps_true_mat_prem_fRank_14_nPod_393_370/fomReconstructedState_timestep_20000_f_8_vp
 vp_fom_minmax    = -1.0545110907453144e-07 1.0641232331090344e-07
 vp_approx_minmax = -1.0534813810878657e-07 1.0658580485298678e-07
 vp_err_minmax    = -1.41618138604202e-09 1.4022235898394982e-09
 vp_err_abs_rel_ltwo_norms = 4.9458627463373705e-08 0.022146480360568127
 vp_err_abs_rel_linf_norms = 1.41618138604202e-09 0.013308434042027088
