reading fom    state /home/fnrizzi/waveRuns/romAccuracyScenario2/train2//fom_mesh512x2048_nThreads_36_dt_0.1_T_2000_snaps_true_seismo_true_mat_prem_fRank_1_test_1/state_timestep_20000_sp
reading approx state /home/fnrizzi/waveRuns/romAccuracyScenario2/train2//rom_mesh512x2048_nThreads_18_dt_0.1_T_2000_snaps_true_mat_prem_fRank_14_nPod_393_370/fomReconstructedState_timestep_20000_f_1_sp
 sp_fom_minmax    = -0.5333560753871908 0.5913344063462482
 sp_approx_minmax = -0.5375905179659155 0.5991291607399257
 sp_err_minmax    = -0.01543005549188975 0.015974893129584444
 sp_err_abs_rel_ltwo_norms = 0.5282044748927204 0.023847745628632927
 sp_err_abs_rel_linf_norms = 0.015974893129584444 0.0270149900938295
