reading fom    state /home/fnrizzi/waveRuns/romAccuracyScenario2/train2//fom_mesh512x2048_nThreads_36_dt_0.1_T_2000_snaps_true_seismo_true_mat_prem_fRank_1_test_5/state_timestep_20000_sp
reading approx state /home/fnrizzi/waveRuns/romAccuracyScenario2/train2//rom_mesh512x2048_nThreads_18_dt_0.1_T_2000_snaps_true_mat_prem_fRank_14_nPod_393_370/fomReconstructedState_timestep_20000_f_5_sp
 sp_fom_minmax    = -1.5911772184743067 1.5017164637347515
 sp_approx_minmax = -1.5857401860099403 1.4855820091908216
 sp_err_minmax    = -0.030306510546807386 0.023061650076336593
 sp_err_abs_rel_ltwo_norms = 0.8435956210684359 0.021477306830494296
 sp_err_abs_rel_linf_norms = 0.030306510546807386 0.01904659656695352
