reading fom    state /home/fnrizzi/waveRuns/romAccuracyScenario2/train2//fom_mesh512x2048_nThreads_36_dt_0.1_T_2000_snaps_true_seismo_true_mat_prem_fRank_1_test_2/state_timestep_20000_vp
reading approx state /home/fnrizzi/waveRuns/romAccuracyScenario2/train2//rom_mesh512x2048_nThreads_18_dt_0.1_T_2000_snaps_true_mat_prem_fRank_14_nPod_393_370/fomReconstructedState_timestep_20000_f_2_vp
 vp_fom_minmax    = -4.792533511328501e-08 3.748258399512784e-08
 vp_approx_minmax = -4.818509843498196e-08 3.7648527181747985e-08
 vp_err_minmax    = -8.188795300789222e-10 5.704098963818436e-10
 vp_err_abs_rel_ltwo_norms = 3.143893459545216e-08 0.024412619492546403
 vp_err_abs_rel_linf_norms = 8.188795300789222e-10 0.01708656868320837
