reading fom    state /home/fnrizzi/waveRuns/romAccuracyScenario2/train2//fom_mesh512x2048_nThreads_36_dt_0.1_T_2000_snaps_true_seismo_true_mat_prem_fRank_1_test_0/state_timestep_20000_sp
reading approx state /home/fnrizzi/waveRuns/romAccuracyScenario2/train2//rom_mesh512x2048_nThreads_18_dt_0.1_T_2000_snaps_true_mat_prem_fRank_14_nPod_393_370/fomReconstructedState_timestep_20000_f_0_sp
 sp_fom_minmax    = -0.8303701152900599 0.9035025046754709
 sp_approx_minmax = -0.8354964564441967 0.9105482365388089
 sp_err_minmax    = -0.011956255174264852 0.011924411616131503
 sp_err_abs_rel_ltwo_norms = 0.47584153466995394 0.017836603298539914
 sp_err_abs_rel_linf_norms = 0.011956255174264852 0.013233228588070621
