reading fom    state /home/fnrizzi/waveRuns/romAccuracyScenario2/train2//fom_mesh512x2048_nThreads_36_dt_0.1_T_2000_snaps_true_seismo_true_mat_prem_fRank_1_test_9/state_timestep_20000_sp
reading approx state /home/fnrizzi/waveRuns/romAccuracyScenario2/train2//rom_mesh512x2048_nThreads_18_dt_0.1_T_2000_snaps_true_mat_prem_fRank_14_nPod_393_370/fomReconstructedState_timestep_20000_f_9_sp
 sp_fom_minmax    = -0.42112955016071196 0.43925576279258444
 sp_approx_minmax = -0.42279635438766544 0.4397378416747207
 sp_err_minmax    = -0.006243795259915141 0.007690248726799079
 sp_err_abs_rel_ltwo_norms = 0.4373866521304202 0.021911410495703207
 sp_err_abs_rel_linf_norms = 0.007690248726799079 0.017507450961845198
