reading fom    state /home/fnrizzi/waveRuns/romAccuracyScenario2/train2//fom_mesh512x2048_nThreads_36_dt_0.1_T_2000_snaps_true_seismo_true_mat_prem_fRank_1_test_13/state_timestep_20000_sp
reading approx state /home/fnrizzi/waveRuns/romAccuracyScenario2/train2//rom_mesh512x2048_nThreads_18_dt_0.1_T_2000_snaps_true_mat_prem_fRank_14_nPod_393_370/fomReconstructedState_timestep_20000_f_13_sp
 sp_fom_minmax    = -0.3882001245748058 0.39643063846874643
 sp_approx_minmax = -0.3895361354389737 0.395876117710809
 sp_err_minmax    = -0.005904209596916164 0.00833858955775753
 sp_err_abs_rel_ltwo_norms = 0.4561993234164062 0.02375031336296848
 sp_err_abs_rel_linf_norms = 0.00833858955775753 0.021034170290081963
