reading fom    state /home/fnrizzi/waveRuns/romAccuracyScenario2/train2//fom_mesh512x2048_nThreads_36_dt_0.1_T_2000_snaps_true_seismo_true_mat_prem_fRank_1_test_3/state_timestep_20000_sp
reading approx state /home/fnrizzi/waveRuns/romAccuracyScenario2/train2//rom_mesh512x2048_nThreads_18_dt_0.1_T_2000_snaps_true_mat_prem_fRank_14_nPod_393_370/fomReconstructedState_timestep_20000_f_3_sp
 sp_fom_minmax    = -0.4049200801282478 0.4145446855028664
 sp_approx_minmax = -0.4064193983764566 0.4133591152415568
 sp_err_minmax    = -0.005746987133595364 0.007996234682706401
 sp_err_abs_rel_ltwo_norms = 0.43853610678832566 0.022379985860045786
 sp_err_abs_rel_linf_norms = 0.007996234682706401 0.01928919839608247
