reading fom    state /home/fnrizzi/waveRuns/romAccuracyScenario2/train2//fom_mesh512x2048_nThreads_36_dt_0.1_T_2000_snaps_true_seismo_true_mat_prem_fRank_1_test_9/state_timestep_20000_vp
reading approx state /home/fnrizzi/waveRuns/romAccuracyScenario2/train2//rom_mesh512x2048_nThreads_18_dt_0.1_T_2000_snaps_true_mat_prem_fRank_14_nPod_393_370/fomReconstructedState_timestep_20000_f_9_vp
 vp_fom_minmax    = -4.178010993194785e-08 3.1759270330385817e-08
 vp_approx_minmax = -4.208107374597161e-08 3.1786284817932186e-08
 vp_err_minmax    = -9.543071763571886e-10 5.092562166905696e-10
 vp_err_abs_rel_ltwo_norms = 3.1045926787525794e-08 0.026917734809108376
 vp_err_abs_rel_linf_norms = 9.543071763571886e-10 0.022841183948811537
