reading fom    state /home/fnrizzi/waveRuns/romAccuracyScenario2/train2//fom_mesh512x2048_nThreads_36_dt_0.1_T_2000_snaps_true_seismo_true_mat_prem_fRank_1_test_8/state_timestep_20000_sp
reading approx state /home/fnrizzi/waveRuns/romAccuracyScenario2/train2//rom_mesh512x2048_nThreads_18_dt_0.1_T_2000_snaps_true_mat_prem_fRank_14_nPod_393_370/fomReconstructedState_timestep_20000_f_8_sp
 sp_fom_minmax    = -1.5470657008854076 1.472142316594941
 sp_approx_minmax = -1.5416868086668911 1.4588327090403321
 sp_err_minmax    = -0.03187436259212606 0.02394171348400953
 sp_err_abs_rel_ltwo_norms = 0.8639629885126173 0.02251579719603894
 sp_err_abs_rel_linf_norms = 0.03187436259212606 0.020603108564738983
