reading fom    state /home/fnrizzi/waveRuns/romAccuracyScenario2/train2//fom_mesh512x2048_nThreads_36_dt_0.1_T_2000_snaps_true_seismo_true_mat_prem_fRank_1_test_4/state_timestep_20000_sp
reading approx state /home/fnrizzi/waveRuns/romAccuracyScenario2/train2//rom_mesh512x2048_nThreads_18_dt_0.1_T_2000_snaps_true_mat_prem_fRank_14_nPod_393_370/fomReconstructedState_timestep_20000_f_4_sp
 sp_fom_minmax    = -1.1636066741885316 1.1986252626742355
 sp_approx_minmax = -1.1630022127976014 1.1927041506204947
 sp_err_minmax    = -0.022995674639029073 0.015491622480163447
 sp_err_abs_rel_ltwo_norms = 0.6479613793218072 0.0204510317419967
 sp_err_abs_rel_linf_norms = 0.022995674639029073 0.01918504085899521
