reading fom    state /home/fnrizzi/waveRuns/romAccuracyScenario2/train2//fom_mesh512x2048_nThreads_36_dt_0.1_T_2000_snaps_true_seismo_true_mat_prem_fRank_1_test_1/state_timestep_20000_vp
reading approx state /home/fnrizzi/waveRuns/romAccuracyScenario2/train2//rom_mesh512x2048_nThreads_18_dt_0.1_T_2000_snaps_true_mat_prem_fRank_14_nPod_393_370/fomReconstructedState_timestep_20000_f_1_vp
 vp_fom_minmax    = -4.797190215602297e-08 3.7522259867295666e-08
 vp_approx_minmax = -4.8230143938376754e-08 3.768914818753665e-08
 vp_err_minmax    = -8.179423022513046e-10 5.696305574045486e-10
 vp_err_abs_rel_ltwo_norms = 3.1430960982603236e-08 0.024386568634945215
 vp_err_abs_rel_linf_norms = 8.179423022513046e-10 0.01705044547933587
