reading fom    state /home/fnrizzi/waveRuns/romAccuracyScenario2/train2//fom_mesh512x2048_nThreads_36_dt_0.1_T_2000_snaps_true_seismo_true_mat_prem_fRank_1_test_11/state_timestep_20000_sp
reading approx state /home/fnrizzi/waveRuns/romAccuracyScenario2/train2//rom_mesh512x2048_nThreads_18_dt_0.1_T_2000_snaps_true_mat_prem_fRank_14_nPod_393_370/fomReconstructedState_timestep_20000_f_11_sp
 sp_fom_minmax    = -0.3438349054478519 0.37960949010065237
 sp_approx_minmax = -0.3435090394590981 0.37437760192488917
 sp_err_minmax    = -0.01899406653488306 0.013041165661419857
 sp_err_abs_rel_ltwo_norms = 0.7337868401572768 0.041566078996489945
 sp_err_abs_rel_linf_norms = 0.01899406653488306 0.050035805295191214
