reading fom    state /home/fnrizzi/waveRuns/romAccuracyScenario1/train3/fom_mesh256x1024_nThreads_36_dt_0.1_T_2000_snaps_true_seismo_true_mat_bilayer_fRank_1_test_1/state_timestep_20000_sp
reading approx state /home/fnrizzi/waveRuns/romAccuracyScenario1/train3/rom_mesh256x1024_nThreads_18_dt_0.1_T_2000_snaps_true_mat_bilayer_fRank_1_nPod_26_26_test_1/fomReconstructedState_timestep_20000_sp
 sp_fom_minmax    = -0.00924720743857536 0.00679917119249987
 sp_approx_minmax = -0.050064672662268474 0.04933381836997587
 sp_err_minmax    = -0.04933700510833217 0.050074518546909495
 sp_err_abs_rel_ltwo_norms = 0.8763521965598439 2.3204122116802295
 sp_err_abs_rel_linf_norms = 0.050074518546909495 5.415096274148691
