reading fom    state /home/fnrizzi/waveRuns/romAccuracyScenario1/train3_v2//fom_mesh256x1024_nThreads_36_dt_0.1_T_2000_snaps_true_seismo_true_mat_bilayer_fRank_1_test_6/state_timestep_20000_sp
reading approx state /home/fnrizzi/waveRuns/romAccuracyScenario1/train3_v2//rom_mesh256x1024_nThreads_18_dt_0.1_T_2000_snaps_true_mat_bilayer_fRank_1_nPod_117_117_test_6/fomReconstructedState_timestep_20000_sp
 sp_fom_minmax    = -0.00948057775187075 0.007412992481106251
 sp_approx_minmax = -0.009535914529188132 0.006982197246031379
 sp_err_minmax    = -0.004249345638487591 0.007405127228557698
 sp_err_abs_rel_ltwo_norms = 0.07951828166544432 0.2093200656567907
 sp_err_abs_rel_linf_norms = 0.007405127228557698 0.781083961586253
