reading fom    state /home/fnrizzi/waveRuns/romAccuracyScenario1/train3/fom_mesh256x1024_nThreads_36_dt_0.1_T_2000_snaps_true_seismo_true_mat_bilayer_fRank_1_test_2/state_timestep_20000_vp
reading approx state /home/fnrizzi/waveRuns/romAccuracyScenario1/train3/rom_mesh256x1024_nThreads_18_dt_0.1_T_2000_snaps_true_mat_bilayer_fRank_1_nPod_204_204_test_2/fomReconstructedState_timestep_20000_vp
 vp_fom_minmax    = -2.6781294098337526e-10 3.5554227693485403e-10
 vp_approx_minmax = -2.674728319192817e-10 3.588483605161973e-10
 vp_err_minmax    = -1.4885068569856518e-10 1.1532757158921267e-10
 vp_err_abs_rel_ltwo_norms = 8.428482925668194e-10 0.061363789983324264
 vp_err_abs_rel_linf_norms = 1.4885068569856518e-10 0.41865818878647465
