reading fom    state /home/fnrizzi/waveRuns/romAccuracyScenario1/train3_v2//fom_mesh256x1024_nThreads_36_dt_0.1_T_2000_snaps_true_seismo_true_mat_bilayer_fRank_1_test_6/state_timestep_20000_vp
reading approx state /home/fnrizzi/waveRuns/romAccuracyScenario1/train3_v2//rom_mesh256x1024_nThreads_18_dt_0.1_T_2000_snaps_true_mat_bilayer_fRank_1_nPod_2385_2385_test_6/fomReconstructedState_timestep_20000_vp
 vp_fom_minmax    = -2.9530628690412415e-10 3.686647024980612e-10
 vp_approx_minmax = -2.965903092239246e-10 3.706616459236187e-10
 vp_err_minmax    = -9.01940262990145e-12 7.733372066889548e-12
 vp_err_abs_rel_ltwo_norms = 3.117294047186569e-10 0.022423093580884984
 vp_err_abs_rel_linf_norms = 9.01940262990145e-12 0.024465056103245696
