reading fom    state /home/fnrizzi/waveRuns/romAccuracyScenario1/train3/fom_mesh256x1024_nThreads_36_dt_0.1_T_2000_snaps_true_seismo_true_mat_bilayer_fRank_1_test_3/state_timestep_20000_sp
reading approx state /home/fnrizzi/waveRuns/romAccuracyScenario1/train3/rom_mesh256x1024_nThreads_18_dt_0.1_T_2000_snaps_true_mat_bilayer_fRank_1_nPod_1819_1819_test_3/fomReconstructedState_timestep_20000_sp
 sp_fom_minmax    = -0.009013667470569989 0.006445282925537698
 sp_approx_minmax = -6.791075531548297 15.125367617464274
 sp_err_minmax    = -15.125360083366886 6.791076635913183
 sp_err_abs_rel_ltwo_norms = 24.23460538523467 64.4517542004448
 sp_err_abs_rel_linf_norms = 15.125360083366886 1678.047269077968
