reading fom    state /home/fnrizzi/waveRuns/romAccuracyScenario1/train3/fom_mesh256x1024_nThreads_36_dt_0.1_T_2000_snaps_true_seismo_true_mat_bilayer_fRank_1_test_11/state_timestep_20000_sp
reading approx state /home/fnrizzi/waveRuns/romAccuracyScenario1/train3/rom_mesh256x1024_nThreads_18_dt_0.1_T_2000_snaps_true_mat_bilayer_fRank_1_nPod_26_26_test_11/fomReconstructedState_timestep_20000_sp
 sp_fom_minmax    = -0.008464924751326737 0.005973911114910488
 sp_approx_minmax = -0.07583206882385526 0.07387354713594159
 sp_err_minmax    = -0.07388236697527835 0.07583548105092316
 sp_err_abs_rel_ltwo_norms = 1.1585755458833626 3.1054296530925263
 sp_err_abs_rel_linf_norms = 0.07583548105092316 8.958789744591316
