reading fom    state /home/fnrizzi/waveRuns/romAccuracyScenario1/train3/fom_mesh256x1024_nThreads_36_dt_0.1_T_2000_snaps_true_seismo_true_mat_bilayer_fRank_1_test_12/state_timestep_20000_sp
reading approx state /home/fnrizzi/waveRuns/romAccuracyScenario1/train3/rom_mesh256x1024_nThreads_18_dt_0.1_T_2000_snaps_true_mat_bilayer_fRank_1_nPod_104_104_test_12/fomReconstructedState_timestep_20000_sp
 sp_fom_minmax    = -0.009224853803041584 0.008569853232973768
 sp_approx_minmax = -0.016012417575322867 0.018779745517603228
 sp_err_minmax    = -0.018783985444829013 0.016013745736160993
 sp_err_abs_rel_ltwo_norms = 0.09382158910382934 0.2447093760477948
 sp_err_abs_rel_linf_norms = 0.018783985444829013 2.036236654356043
