reading fom    state /home/fnrizzi/waveRuns/romAccuracyScenario1/train3/fom_mesh256x1024_nThreads_36_dt_0.1_T_2000_snaps_true_seismo_true_mat_bilayer_fRank_1_test_7/state_timestep_20000_sp
reading approx state /home/fnrizzi/waveRuns/romAccuracyScenario1/train3/rom_mesh256x1024_nThreads_18_dt_0.1_T_2000_snaps_true_mat_bilayer_fRank_1_nPod_1050_1050_test_7/fomReconstructedState_timestep_20000_sp
 sp_fom_minmax    = -0.009468512746925922 0.008017693474849765
 sp_approx_minmax = -111.17410412349932 52.47048721348638
 sp_err_minmax    = -52.470480204170165 111.17411104714957
 sp_err_abs_rel_ltwo_norms = 158.41125727772013 415.0374999088078
 sp_err_abs_rel_linf_norms = 111.17411104714957 11741.454441537686
