reading fom    state /home/fnrizzi/romAccuracyT4/fom_mesh512x2048_nThreads_36_dt_0.1_T_2000.0_snaps_true_seismo_true_mat_prem_fRank_1_test_8/finalFomState_sp_0
reading approx state /home/fnrizzi/romAccuracyT4/rom_mesh512x2048_nThreads_18_dt_0.1_T_2000.0_snaps_true_mat_prem_fRank_14_nPod_415_415/finalFomState_sp_8
 sp_fom_minmax    = -1.5470657008854076 1.472142316594941
 sp_approx_minmax = -1.5463491226410553 1.4723621103459046
 sp_err_minmax    = -0.00263577552877281 0.004148153506996377
 sp_err_abs_rel_ltwo_norms = 0.11499661986082946 0.002996934597249366
 sp_err_abs_rel_linf_norms = 0.004148153506996377 0.0026813040355185497
