reading fom    state /home/fnrizzi/romAccuracyT4/fom_mesh512x2048_nThreads_36_dt_0.1_T_2000.0_snaps_true_seismo_true_mat_prem_fRank_1_test_1/finalFomState_vp_0
reading approx state /home/fnrizzi/romAccuracyT4/rom_mesh512x2048_nThreads_18_dt_0.1_T_2000.0_snaps_true_mat_prem_fRank_14_nPod_415_415/finalFomState_vp_1
 vp_fom_minmax    = -4.797190215602297e-08 3.7522259867295666e-08
 vp_approx_minmax = -4.7966633149720836e-08 3.752356013457172e-08
 vp_err_minmax    = -9.57193419978667e-11 6.587857135672202e-11
 vp_err_abs_rel_ltwo_norms = 2.085457361419608e-09 0.001618058993094739
 vp_err_abs_rel_linf_norms = 9.57193419978667e-11 0.0019953209628117475
