reading fom    state /home/fnrizzi/waveRuns/romAccuracyScenario1/train3/fom_mesh256x1024_nThreads_36_dt_0.1_T_2000_snaps_true_seismo_true_mat_bilayer_fRank_1_test_5/state_timestep_20000_sp
reading approx state /home/fnrizzi/waveRuns/romAccuracyScenario1/train3/rom_mesh256x1024_nThreads_18_dt_0.1_T_2000_snaps_true_mat_bilayer_fRank_1_nPod_2255_2255_test_5/fomReconstructedState_timestep_20000_sp
 sp_fom_minmax    = -0.009428751622230535 0.008265438205967817
 sp_approx_minmax = -0.009420296197377971 0.008276520418910562
 sp_err_minmax    = -0.0002592899766651158 0.0002996505614674177
 sp_err_abs_rel_ltwo_norms = 0.005964592650461498 0.015598411717213883
 sp_err_abs_rel_linf_norms = 0.0002996505614674177 0.0317805127839957
