reading fom    state /home/fnrizzi/waveRuns/romAccuracyScenario1/train3/fom_mesh256x1024_nThreads_36_dt_0.1_T_2000_snaps_true_seismo_true_mat_bilayer_fRank_1_test_5/state_timestep_20000_vp
reading approx state /home/fnrizzi/waveRuns/romAccuracyScenario1/train3/rom_mesh256x1024_nThreads_18_dt_0.1_T_2000_snaps_true_mat_bilayer_fRank_1_nPod_2255_2255_test_5/fomReconstructedState_timestep_20000_vp
 vp_fom_minmax    = -3.335238199830344e-10 3.7148689687324867e-10
 vp_approx_minmax = -3.3436894374651434e-10 3.7209356357677306e-10
 vp_err_minmax    = -1.6034640645815688e-11 2.0070241723515306e-11
 vp_err_abs_rel_ltwo_norms = 2.2098023939733666e-10 0.01565617079082135
 vp_err_abs_rel_linf_norms = 2.0070241723515306e-11 0.054026782350719824
