reading fom    state /home/fnrizzi/waveRuns/romAccuracyScenario1/train3/fom_mesh256x1024_nThreads_36_dt_0.1_T_2000_snaps_true_seismo_true_mat_bilayer_fRank_1_test_8/state_timestep_20000_vp
reading approx state /home/fnrizzi/waveRuns/romAccuracyScenario1/train3/rom_mesh256x1024_nThreads_18_dt_0.1_T_2000_snaps_true_mat_bilayer_fRank_1_nPod_2255_2255_test_8/fomReconstructedState_timestep_20000_vp
 vp_fom_minmax    = -3.316282419542549e-10 3.710817387922208e-10
 vp_approx_minmax = -3.3237037130156844e-10 3.7235022270241143e-10
 vp_err_minmax    = -9.588229995154919e-12 1.6838820101027178e-11
 vp_err_abs_rel_ltwo_norms = 2.23509458871274e-10 0.015848636248570875
 vp_err_abs_rel_linf_norms = 1.6838820101027178e-11 0.04537765764446768
