reading fom    state /home/fnrizzi/waveRuns/romAccuracyScenario1/train3/fom_mesh256x1024_nThreads_36_dt_0.1_T_2000_snaps_true_seismo_true_mat_bilayer_fRank_1_test_7/state_timestep_20000_vp
reading approx state /home/fnrizzi/waveRuns/romAccuracyScenario1/train3/rom_mesh256x1024_nThreads_18_dt_0.1_T_2000_snaps_true_mat_bilayer_fRank_1_nPod_2255_2255_test_7/fomReconstructedState_timestep_20000_vp
 vp_fom_minmax    = -3.2233503147477926e-10 3.724589498060381e-10
 vp_approx_minmax = -3.232760074228569e-10 3.73027927996693e-10
 vp_err_minmax    = -8.780949616458223e-12 8.439174069981338e-12
 vp_err_abs_rel_ltwo_norms = 2.0848624591782657e-10 0.014837092997741603
 vp_err_abs_rel_linf_norms = 8.780949616458223e-12 0.02357561718152026
