reading fom    state /home/fnrizzi/waveRuns/romAccuracyScenario1/train3/fom_mesh256x1024_nThreads_36_dt_0.1_T_2000_snaps_true_seismo_true_mat_bilayer_fRank_1_test_8/state_timestep_20000_sp
reading approx state /home/fnrizzi/waveRuns/romAccuracyScenario1/train3/rom_mesh256x1024_nThreads_18_dt_0.1_T_2000_snaps_true_mat_bilayer_fRank_1_nPod_1819_1819_test_8/fomReconstructedState_timestep_20000_sp
 sp_fom_minmax    = -0.009451244926736184 0.008206349329493007
 sp_approx_minmax = -17.47272992303013 7.754582175881121
 sp_err_minmax    = -7.754586820468238 17.472736309846404
 sp_err_abs_rel_ltwo_norms = 28.936291827875767 75.69911997980452
 sp_err_abs_rel_linf_norms = 17.472736309846404 1848.7232576545127
