reading fom    state /home/fnrizzi/waveRuns/romAccuracyScenario2/train2/fom_mesh512x2048_nThreads_36_dt_0.1_T_2000_snaps_true_seismo_true_mat_prem_fRank_1_test_1/state_timestep_20000_vp
reading approx state /home/fnrizzi/waveRuns/romAccuracyScenario2/train2/rom_mesh512x2048_nThreads_18_dt_0.1_T_2000_snaps_true_mat_prem_fRank_14_nPod_275_275/fomReconstructedState_timestep_20000_f_1_vp
 vp_fom_minmax    = -4.797190215602297e-08 3.7522259867295666e-08
 vp_approx_minmax = -4.991516028265209e-08 6.459073819627858e-08
 vp_err_minmax    = -6.459119315864757e-08 9.873577304325852e-09
 vp_err_abs_rel_ltwo_norms = 6.24221593586002e-07 0.484319354531524
 vp_err_abs_rel_linf_norms = 6.459119315864757e-08 1.3464380242537042
