reading fom    state /home/fnrizzi/waveRuns/romAccuracyScenario2/train2/fom_mesh512x2048_nThreads_36_dt_0.1_T_2000_snaps_true_seismo_true_mat_prem_fRank_1_test_8/state_timestep_20000_vp
reading approx state /home/fnrizzi/waveRuns/romAccuracyScenario2/train2/rom_mesh512x2048_nThreads_18_dt_0.1_T_2000_snaps_true_mat_prem_fRank_14_nPod_275_275/fomReconstructedState_timestep_20000_f_8_vp
 vp_fom_minmax    = -1.0545110907453144e-07 1.0641232331090344e-07
 vp_approx_minmax = -9.667077631889525e-08 1.5888041004035205e-07
 vp_err_minmax    = -1.5887441859607067e-07 3.0937792818230103e-08
 vp_err_abs_rel_ltwo_norms = 1.252658099425185e-06 0.5609126136379463
 vp_err_abs_rel_linf_norms = 1.5887441859607067e-07 1.4930077048678794
