reading fom    state /home/fnrizzi/romAccuracyT4/fom_mesh512x2048_nThreads_36_dt_0.1_T_2000.0_snaps_true_seismo_true_mat_prem_fRank_1_test_11/finalFomState_sp_0
reading approx state /home/fnrizzi/romAccuracyT4/rom_mesh512x2048_nThreads_18_dt_0.1_T_2000.0_snaps_true_mat_prem_fRank_14_nPod_436_436/finalFomState_sp_11
 sp_fom_minmax    = -0.3438349054478519 0.37960949010065237
 sp_approx_minmax = -0.3446467343578534 0.3800777531968394
 sp_err_minmax    = -0.003416467753541763 0.0018809844995196778
 sp_err_abs_rel_ltwo_norms = 0.09534315654676671 0.00540080710080354
 sp_err_abs_rel_linf_norms = 0.003416467753541763 0.008999953485451316
