reading fom    state /home/fnrizzi/waveRuns/romAccuracyScenario1/train3/fom_mesh256x1024_nThreads_36_dt_0.1_T_2000_snaps_true_seismo_true_mat_bilayer_fRank_1_test_5/state_timestep_20000_sp
reading approx state /home/fnrizzi/waveRuns/romAccuracyScenario1/train3/rom_mesh256x1024_nThreads_18_dt_0.1_T_2000_snaps_true_mat_bilayer_fRank_1_nPod_26_26_test_5/fomReconstructedState_timestep_20000_sp
 sp_fom_minmax    = -0.009428751622230535 0.008265438205967817
 sp_approx_minmax = -0.06018083454436773 0.06101925135802211
 sp_err_minmax    = -0.06102013655549837 0.060184896607142595
 sp_err_abs_rel_ltwo_norms = 1.2179103606829873 3.185040178581819
 sp_err_abs_rel_linf_norms = 0.06102013655549837 6.471708981242948
