reading fom    state /home/fnrizzi/waveRuns/romAccuracyScenario1/train3/fom_mesh256x1024_nThreads_36_dt_0.1_T_2000_snaps_true_seismo_true_mat_bilayer_fRank_1_test_5/state_timestep_20000_vp
reading approx state /home/fnrizzi/waveRuns/romAccuracyScenario1/train3/rom_mesh256x1024_nThreads_18_dt_0.1_T_2000_snaps_true_mat_bilayer_fRank_1_nPod_26_26_test_5/fomReconstructedState_timestep_20000_vp
 vp_fom_minmax    = -3.335238199830344e-10 3.7148689687324867e-10
 vp_approx_minmax = -1.7167187660995381e-09 3.6907613567977163e-10
 vp_err_minmax    = -3.687937841595707e-10 1.7163471561425823e-09
 vp_err_abs_rel_ltwo_norms = 2.5304746044062987e-08 1.792809289032682
 vp_err_abs_rel_linf_norms = 1.7163471561425823e-09 4.620209139511588
