reading fom    state /home/fnrizzi/waveRuns/romAccuracyScenario1/train3/fom_mesh256x1024_nThreads_36_dt_0.1_T_2000_snaps_true_seismo_true_mat_bilayer_fRank_1_test_0/state_timestep_20000_vp
reading approx state /home/fnrizzi/waveRuns/romAccuracyScenario1/train3/rom_mesh256x1024_nThreads_18_dt_0.1_T_2000_snaps_true_mat_bilayer_fRank_1_nPod_26_26_test_0/fomReconstructedState_timestep_20000_vp
 vp_fom_minmax    = -2.9149490631310344e-10 3.672894543694797e-10
 vp_approx_minmax = -1.4828806494344855e-09 1.6027916460569009e-09
 vp_err_minmax    = -1.60308617080582e-09 1.4818508109492901e-09
 vp_err_abs_rel_ltwo_norms = 4.518794999260833e-08 3.2550003421848626
 vp_err_abs_rel_linf_norms = 1.60308617080582e-09 4.364639800393436
