reading fom    state /home/fnrizzi/waveRuns/romAccuracyScenario1/train3_v2//fom_mesh256x1024_nThreads_36_dt_0.1_T_2000_snaps_true_seismo_true_mat_bilayer_fRank_1_test_4/state_timestep_20000_sp
reading approx state /home/fnrizzi/waveRuns/romAccuracyScenario1/train3_v2//rom_mesh256x1024_nThreads_18_dt_0.1_T_2000_snaps_true_mat_bilayer_fRank_1_nPod_2385_2385_test_4/fomReconstructedState_timestep_20000_sp
 sp_fom_minmax    = -0.009470906279489572 0.007348611935646899
 sp_approx_minmax = -0.009455233422158484 0.007343217754855542
 sp_err_minmax    = -0.0001801458644013769 0.00015563038481500834
 sp_err_abs_rel_ltwo_norms = 0.007579910256891785 0.019965797579988318
 sp_err_abs_rel_linf_norms = 0.0001801458644013769 0.01902097424314136
