reading fom    state /home/fnrizzi/waveRuns/romAccuracyScenario1/train3_v2//fom_mesh256x1024_nThreads_36_dt_0.1_T_2000_snaps_true_seismo_true_mat_bilayer_fRank_1_test_4/state_timestep_20000_vp
reading approx state /home/fnrizzi/waveRuns/romAccuracyScenario1/train3_v2//rom_mesh256x1024_nThreads_18_dt_0.1_T_2000_snaps_true_mat_bilayer_fRank_1_nPod_2385_2385_test_4/fomReconstructedState_timestep_20000_vp
 vp_fom_minmax    = -2.915331540457937e-10 3.6731199196009454e-10
 vp_approx_minmax = -2.922804895474216e-10 3.689114126111144e-10
 vp_err_minmax    = -1.0742066055200105e-11 1.2703082736467764e-11
 vp_err_abs_rel_ltwo_norms = 2.8392826096335685e-10 0.02045165694273637
 vp_err_abs_rel_linf_norms = 1.2703082736467764e-11 0.03458390418641124
