reading fom    state /home/fnrizzi/waveRuns/romAccuracyScenario1/train3/fom_mesh256x1024_nThreads_36_dt_0.1_T_2000_snaps_true_seismo_true_mat_bilayer_fRank_1_test_9/state_timestep_20000_vp
reading approx state /home/fnrizzi/waveRuns/romAccuracyScenario1/train3/rom_mesh256x1024_nThreads_18_dt_0.1_T_2000_snaps_true_mat_bilayer_fRank_1_nPod_2255_2255_test_9/fomReconstructedState_timestep_20000_vp
 vp_fom_minmax    = -2.5493725350146407e-10 3.447657973496755e-10
 vp_approx_minmax = -2.5602271910860575e-10 3.450688416517408e-10
 vp_err_minmax    = -4.269684683965226e-12 4.807646765748687e-12
 vp_err_abs_rel_ltwo_norms = 1.1557283040275964e-10 0.008472492611785825
 vp_err_abs_rel_linf_norms = 4.807646765748687e-12 0.013944674334596409
