reading fom    state /home/fnrizzi/waveRuns/romAccuracyScenario1/train3_v2//fom_mesh256x1024_nThreads_36_dt_0.1_T_2000_snaps_true_seismo_true_mat_bilayer_fRank_1_test_9/state_timestep_20000_sp
reading approx state /home/fnrizzi/waveRuns/romAccuracyScenario1/train3_v2//rom_mesh256x1024_nThreads_18_dt_0.1_T_2000_snaps_true_mat_bilayer_fRank_1_nPod_2227_2227_test_9/fomReconstructedState_timestep_20000_sp
 sp_fom_minmax    = -0.008091522011671912 0.0057444553018969734
 sp_approx_minmax = -0.012180202082221281 0.02865340677318149
 sp_err_minmax    = -0.028668317592927487 0.012174378430034362
 sp_err_abs_rel_ltwo_norms = 0.05262500979437988 0.14175212247774321
 sp_err_abs_rel_linf_norms = 0.028668317592927487 3.5430068102853607
