reading fom    state /home/fnrizzi/waveRuns/romAccuracyScenario1/train3/fom_mesh256x1024_nThreads_36_dt_0.1_T_2000_snaps_true_seismo_true_mat_bilayer_fRank_1_test_4/state_timestep_20000_vp
reading approx state /home/fnrizzi/waveRuns/romAccuracyScenario1/train3/rom_mesh256x1024_nThreads_18_dt_0.1_T_2000_snaps_true_mat_bilayer_fRank_1_nPod_2340_2340_test_4/fomReconstructedState_timestep_20000_vp
 vp_fom_minmax    = -3.1207237740661305e-10 3.716253074700303e-10
 vp_approx_minmax = -3.1201850840266906e-10 3.719217745335192e-10
 vp_err_minmax    = -1.2878191237264958e-11 6.242687901907595e-12
 vp_err_abs_rel_ltwo_norms = 1.5051934968173633e-10 0.01075444717406135
 vp_err_abs_rel_linf_norms = 1.2878191237264958e-11 0.034653698169636954
