reading fom    state /home/fnrizzi/waveRuns/romAccuracyScenario1/train3/fom_mesh256x1024_nThreads_36_dt_0.1_T_2000_snaps_true_seismo_true_mat_bilayer_fRank_1_test_8/state_timestep_20000_sp
reading approx state /home/fnrizzi/waveRuns/romAccuracyScenario1/train3/rom_mesh256x1024_nThreads_18_dt_0.1_T_2000_snaps_true_mat_bilayer_fRank_1_nPod_204_204_test_8/fomReconstructedState_timestep_20000_sp
 sp_fom_minmax    = -0.009451244926736184 0.008206349329493007
 sp_approx_minmax = -0.009491684263234252 0.00813583098925399
 sp_err_minmax    = -0.003945099959292834 0.004893290182039489
 sp_err_abs_rel_ltwo_norms = 0.02461424713381819 0.06439238510860178
 sp_err_abs_rel_linf_norms = 0.004893290182039489 0.5177402786586442
