reading fom    state /home/fnrizzi/waveRuns/romAccuracyScenario1/train3/fom_mesh256x1024_nThreads_36_dt_0.1_T_2000_snaps_true_seismo_true_mat_bilayer_fRank_1_test_8/state_timestep_20000_vp
reading approx state /home/fnrizzi/waveRuns/romAccuracyScenario1/train3/rom_mesh256x1024_nThreads_18_dt_0.1_T_2000_snaps_true_mat_bilayer_fRank_1_nPod_204_204_test_8/fomReconstructedState_timestep_20000_vp
 vp_fom_minmax    = -3.316282419542549e-10 3.710817387922208e-10
 vp_approx_minmax = -3.2894390898906587e-10 3.735122925799306e-10
 vp_err_minmax    = -2.766169900603637e-10 2.2775749956723676e-10
 vp_err_abs_rel_ltwo_norms = 9.021372218322886e-10 0.06396885727932744
 vp_err_abs_rel_linf_norms = 2.766169900603637e-10 0.7454341217670359
