reading fom    state /home/fnrizzi/waveRuns/romAccuracyScenario1/train3_v2//fom_mesh256x1024_nThreads_36_dt_0.1_T_2000_snaps_true_seismo_true_mat_bilayer_fRank_1_test_1/state_timestep_20000_vp
reading approx state /home/fnrizzi/waveRuns/romAccuracyScenario1/train3_v2//rom_mesh256x1024_nThreads_18_dt_0.1_T_2000_snaps_true_mat_bilayer_fRank_1_nPod_2329_2329_test_1/fomReconstructedState_timestep_20000_vp
 vp_fom_minmax    = -2.360281908877452e-10 3.2496987045308033e-10
 vp_approx_minmax = -2.3632920550043003e-10 3.2629749537457913e-10
 vp_err_minmax    = -3.03591433466943e-11 4.19841840797035e-11
 vp_err_abs_rel_ltwo_norms = 4.854275682520104e-10 0.03601333794238263
 vp_err_abs_rel_linf_norms = 4.19841840797035e-11 0.12919408196571638
