reading fom    state /home/fnrizzi/waveRuns/romAccuracyScenario1/train3_v2//fom_mesh256x1024_nThreads_36_dt_0.1_T_2000_snaps_true_seismo_true_mat_bilayer_fRank_1_test_1/state_timestep_20000_sp
reading approx state /home/fnrizzi/waveRuns/romAccuracyScenario1/train3_v2//rom_mesh256x1024_nThreads_18_dt_0.1_T_2000_snaps_true_mat_bilayer_fRank_1_nPod_2329_2329_test_1/fomReconstructedState_timestep_20000_sp
 sp_fom_minmax    = -0.008585311102855478 0.006068857766502909
 sp_approx_minmax = -0.008684335103826707 0.0061950578530921676
 sp_err_minmax    = -0.0015449399480799353 0.0003551067028332666
 sp_err_abs_rel_ltwo_norms = 0.01253661704297902 0.033544369983462115
 sp_err_abs_rel_linf_norms = 0.0015449399480799353 0.17995153927107985
