reading fom    state /home/fnrizzi/waveRuns/romAccuracyScenario1/train3_v2//fom_mesh256x1024_nThreads_36_dt_0.1_T_2000_snaps_true_seismo_true_mat_bilayer_fRank_1_test_2/state_timestep_20000_vp
reading approx state /home/fnrizzi/waveRuns/romAccuracyScenario1/train3_v2//rom_mesh256x1024_nThreads_18_dt_0.1_T_2000_snaps_true_mat_bilayer_fRank_1_nPod_2227_2227_test_2/fomReconstructedState_timestep_20000_vp
 vp_fom_minmax    = -2.3594209813578896e-10 3.2485424311721286e-10
 vp_approx_minmax = -2.411414040403481e-10 3.2531906923496967e-10
 vp_err_minmax    = -4.105450887572682e-11 2.895911097241808e-11
 vp_err_abs_rel_ltwo_norms = 4.887378320088866e-10 0.03626171750032554
 vp_err_abs_rel_linf_norms = 4.105450887572682e-11 0.1263782442297165
