reading fom    state /home/fnrizzi/waveRuns/romAccuracyScenario2/train2//fom_mesh512x2048_nThreads_36_dt_0.1_T_2000_snaps_true_seismo_true_mat_prem_fRank_1_test_1/state_timestep_20000_sp
reading approx state /home/fnrizzi/waveRuns/romAccuracyScenario2/train2//rom_mesh512x2048_nThreads_18_dt_0.1_T_2000_snaps_true_mat_prem_fRank_14_nPod_369_369/fomReconstructedState_timestep_20000_f_1_sp
 sp_fom_minmax    = -0.5333560753871908 0.5913344063462482
 sp_approx_minmax = -0.5364763605999544 0.6001271139524651
 sp_err_minmax    = -0.013119760678640568 0.01270854576796654
 sp_err_abs_rel_ltwo_norms = 0.3874926820102551 0.017494791037910355
 sp_err_abs_rel_linf_norms = 0.013119760678640568 0.022186702714806116
