reading fom    state /home/fnrizzi/waveRuns/romAccuracyScenario2/train2//fom_mesh512x2048_nThreads_36_dt_0.1_T_2000_snaps_true_seismo_true_mat_prem_fRank_1_test_4/state_timestep_20000_sp
reading approx state /home/fnrizzi/waveRuns/romAccuracyScenario2/train2//rom_mesh512x2048_nThreads_18_dt_0.1_T_2000_snaps_true_mat_prem_fRank_14_nPod_369_369/fomReconstructedState_timestep_20000_f_4_sp
 sp_fom_minmax    = -1.1636066741885316 1.1986252626742355
 sp_approx_minmax = -1.1621913019714398 1.1917864104491913
 sp_err_minmax    = -0.019584734900733758 0.012790722915406061
 sp_err_abs_rel_ltwo_norms = 0.5266835576968121 0.016623247156673168
 sp_err_abs_rel_linf_norms = 0.019584734900733758 0.01633933099077066
