reading fom    state /home/fnrizzi/waveRuns/romAccuracyScenario2/train2//fom_mesh512x2048_nThreads_36_dt_0.1_T_2000_snaps_true_seismo_true_mat_prem_fRank_1_test_6/state_timestep_20000_sp
reading approx state /home/fnrizzi/waveRuns/romAccuracyScenario2/train2//rom_mesh512x2048_nThreads_18_dt_0.1_T_2000_snaps_true_mat_prem_fRank_14_nPod_369_369/fomReconstructedState_timestep_20000_f_6_sp
 sp_fom_minmax    = -1.2055459987463144 1.2320072712135786
 sp_approx_minmax = -1.203757670947658 1.223818037771058
 sp_err_minmax    = -0.021507608556821156 0.014408106322434722
 sp_err_abs_rel_ltwo_norms = 0.5596203049433218 0.017301326626115575
 sp_err_abs_rel_linf_norms = 0.021507608556821156 0.01745737144524745
