reading fom    state /home/fnrizzi/waveRuns/romAccuracyScenario2/train2//fom_mesh512x2048_nThreads_36_dt_0.1_T_2000_snaps_true_seismo_true_mat_prem_fRank_1_test_12/state_timestep_20000_sp
reading approx state /home/fnrizzi/waveRuns/romAccuracyScenario2/train2//rom_mesh512x2048_nThreads_18_dt_0.1_T_2000_snaps_true_mat_prem_fRank_14_nPod_369_369/fomReconstructedState_timestep_20000_f_12_sp
 sp_fom_minmax    = -1.9181854392302928 1.7386659448612778
 sp_approx_minmax = -1.9173796844995348 1.7387412308624044
 sp_err_minmax    = -0.11302176058217271 0.0589876387521831
 sp_err_abs_rel_ltwo_norms = 1.0605940378448346 0.021959431830585244
 sp_err_abs_rel_linf_norms = 0.11302176058217271 0.058921185757475444
