reading fom    state /home/fnrizzi/waveRuns/romAccuracyScenario2/train2//fom_mesh512x2048_nThreads_36_dt_0.1_T_2000_snaps_true_seismo_true_mat_prem_fRank_1_test_4/state_timestep_20000_vp
reading approx state /home/fnrizzi/waveRuns/romAccuracyScenario2/train2//rom_mesh512x2048_nThreads_18_dt_0.1_T_2000_snaps_true_mat_prem_fRank_14_nPod_369_369/fomReconstructedState_timestep_20000_f_4_vp
 vp_fom_minmax    = -8.389318122707831e-08 7.931851793649922e-08
 vp_approx_minmax = -8.363307738599909e-08 7.946567046911317e-08
 vp_err_minmax    = -1.1129456377533038e-09 1.0547452444294078e-09
 vp_err_abs_rel_ltwo_norms = 4.806682481657043e-08 0.025961326465522197
 vp_err_abs_rel_linf_norms = 1.1129456377533038e-09 0.013266222849993401
