reading fom    state /home/fnrizzi/waveRuns/romAccuracyScenario2/train2//fom_mesh512x2048_nThreads_36_dt_0.1_T_2000_snaps_true_seismo_true_mat_prem_fRank_1_test_5/state_timestep_20000_vp
reading approx state /home/fnrizzi/waveRuns/romAccuracyScenario2/train2//rom_mesh512x2048_nThreads_18_dt_0.1_T_2000_snaps_true_mat_prem_fRank_14_nPod_369_369/fomReconstructedState_timestep_20000_f_5_vp
 vp_fom_minmax    = -1.0764616464143212e-07 1.0947607022853834e-07
 vp_approx_minmax = -1.0705393497338084e-07 1.0936691053761056e-07
 vp_err_minmax    = -1.7644854190396287e-09 1.6051684059497127e-09
 vp_err_abs_rel_ltwo_norms = 6.435389329675693e-08 0.028165236203887407
 vp_err_abs_rel_linf_norms = 1.7644854190396287e-09 0.01611754436705804
