reading fom    state /home/fnrizzi/waveRuns/romAccuracyScenario2/train2//fom_mesh512x2048_nThreads_36_dt_0.1_T_2000_snaps_true_seismo_true_mat_prem_fRank_1_test_10/state_timestep_20000_sp
reading approx state /home/fnrizzi/waveRuns/romAccuracyScenario2/train2//rom_mesh512x2048_nThreads_18_dt_0.1_T_2000_snaps_true_mat_prem_fRank_14_nPod_369_369/fomReconstructedState_timestep_20000_f_10_sp
 sp_fom_minmax    = -2.0760992946412564 1.8039889154082287
 sp_approx_minmax = -2.0800970583464 1.8114031918648885
 sp_err_minmax    = -1.0601701481473211 0.5977093790052688
 sp_err_abs_rel_ltwo_norms = 10.171072409522788 0.17504086946535807
 sp_err_abs_rel_linf_norms = 1.0601701481473211 0.510654837600393
