reading fom    state /home/fnrizzi/waveRuns/romAccuracyScenario2/train2//fom_mesh512x2048_nThreads_36_dt_0.1_T_2000_snaps_true_seismo_true_mat_prem_fRank_1_test_10/state_timestep_20000_vp
reading approx state /home/fnrizzi/waveRuns/romAccuracyScenario2/train2//rom_mesh512x2048_nThreads_18_dt_0.1_T_2000_snaps_true_mat_prem_fRank_14_nPod_369_369/fomReconstructedState_timestep_20000_f_10_vp
 vp_fom_minmax    = -1.240122250486767e-07 1.404439212047895e-07
 vp_approx_minmax = -1.238502013396495e-07 1.9639363712308152e-07
 vp_err_minmax    = -1.9639011012368764e-07 7.504963356943915e-08
 vp_err_abs_rel_ltwo_norms = 9.526315304247581e-07 0.28350914676903594
 vp_err_abs_rel_linf_norms = 1.9639011012368764e-07 1.3983525127963334
