reading fom    state /home/fnrizzi/waveRuns/romAccuracyScenario2/train2//fom_mesh512x2048_nThreads_36_dt_0.1_T_2000_snaps_true_seismo_true_mat_prem_fRank_1_test_13/state_timestep_20000_sp
reading approx state /home/fnrizzi/waveRuns/romAccuracyScenario2/train2//rom_mesh512x2048_nThreads_18_dt_0.1_T_2000_snaps_true_mat_prem_fRank_14_nPod_369_369/fomReconstructedState_timestep_20000_f_13_sp
 sp_fom_minmax    = -0.3882001245748058 0.39643063846874643
 sp_approx_minmax = -0.38999461902633864 0.39605001745492435
 sp_err_minmax    = -0.0026483048596748484 0.0030745556440213706
 sp_err_abs_rel_ltwo_norms = 0.15629144839603065 0.008136730338746602
 sp_err_abs_rel_linf_norms = 0.0030745556440213706 0.007755595419912936
