reading fom    state /home/fnrizzi/waveRuns/romAccuracyScenario2/train2//fom_mesh512x2048_nThreads_36_dt_0.1_T_2000_snaps_true_seismo_true_mat_prem_fRank_1_test_9/state_timestep_20000_sp
reading approx state /home/fnrizzi/waveRuns/romAccuracyScenario2/train2//rom_mesh512x2048_nThreads_18_dt_0.1_T_2000_snaps_true_mat_prem_fRank_14_nPod_369_369/fomReconstructedState_timestep_20000_f_9_sp
 sp_fom_minmax    = -0.42112955016071196 0.43925576279258444
 sp_approx_minmax = -0.4225561877876262 0.44142719869538666
 sp_err_minmax    = -0.0051086833907313944 0.00410730265916831
 sp_err_abs_rel_ltwo_norms = 0.14596270830523092 0.00731217745937717
 sp_err_abs_rel_linf_norms = 0.0051086833907313944 0.011630316147141143
