reading fom    state /home/fnrizzi/waveRuns/romAccuracyScenario2/train2//fom_mesh512x2048_nThreads_36_dt_0.1_T_2000_snaps_true_seismo_true_mat_prem_fRank_1_test_8/state_timestep_20000_sp
reading approx state /home/fnrizzi/waveRuns/romAccuracyScenario2/train2//rom_mesh512x2048_nThreads_18_dt_0.1_T_2000_snaps_true_mat_prem_fRank_14_nPod_369_369/fomReconstructedState_timestep_20000_f_8_sp
 sp_fom_minmax    = -1.5470657008854076 1.472142316594941
 sp_approx_minmax = -1.5433888996236411 1.4601615606148701
 sp_err_minmax    = -0.025094774642714313 0.018787727653836267
 sp_err_abs_rel_ltwo_norms = 0.8033791462642793 0.02093691763342157
 sp_err_abs_rel_linf_norms = 0.025094774642714313 0.016220884884431356
