reading fom    state /home/fnrizzi/waveRuns/romAccuracyScenario2/train2//fom_mesh512x2048_nThreads_36_dt_0.1_T_2000_snaps_true_seismo_true_mat_prem_fRank_1_test_0/state_timestep_20000_sp
reading approx state /home/fnrizzi/waveRuns/romAccuracyScenario2/train2//rom_mesh512x2048_nThreads_18_dt_0.1_T_2000_snaps_true_mat_prem_fRank_14_nPod_369_369/fomReconstructedState_timestep_20000_f_0_sp
 sp_fom_minmax    = -0.8303701152900599 0.9035025046754709
 sp_approx_minmax = -0.8324903280169129 0.9093723539125604
 sp_err_minmax    = -0.009376370597080703 0.00997662078361878
 sp_err_abs_rel_ltwo_norms = 0.4796256573586919 0.01797844861954334
 sp_err_abs_rel_linf_norms = 0.00997662078361878 0.011042161733909395
