reading fom    state /home/fnrizzi/waveRuns/romAccuracyScenario2/train2//fom_mesh512x2048_nThreads_36_dt_0.1_T_2000_snaps_true_seismo_true_mat_prem_fRank_1_test_3/state_timestep_20000_vp
reading approx state /home/fnrizzi/waveRuns/romAccuracyScenario2/train2//rom_mesh512x2048_nThreads_18_dt_0.1_T_2000_snaps_true_mat_prem_fRank_14_nPod_369_369/fomReconstructedState_timestep_20000_f_3_vp
 vp_fom_minmax    = -4.0715528577268895e-08 3.066340105088159e-08
 vp_approx_minmax = -4.081856546992403e-08 3.077386844378802e-08
 vp_err_minmax    = -3.0562874799325603e-10 2.9481036311944873e-10
 vp_err_abs_rel_ltwo_norms = 1.1011053078717983e-08 0.009740401671372046
 vp_err_abs_rel_linf_norms = 3.0562874799325603e-10 0.007506441858251737
