reading fom    state /home/fnrizzi/waveRuns/romAccuracyScenario2/train2//fom_mesh512x2048_nThreads_36_dt_0.1_T_2000_snaps_true_seismo_true_mat_prem_fRank_1_test_9/state_timestep_20000_sp
reading approx state /home/fnrizzi/waveRuns/romAccuracyScenario2/train2//rom_mesh512x2048_nThreads_18_dt_0.1_T_2000_snaps_true_mat_prem_fRank_14_nPod_170_63/fomReconstructedState_timestep_20000_f_9_sp
 sp_fom_minmax    = -0.42112955016071196 0.43925576279258444
 sp_approx_minmax = -3.3373464805001505 2.0171829372317505
 sp_err_minmax    = -2.017182112256942 3.337346575930766
 sp_err_abs_rel_ltwo_norms = 73.05067966634702 3.6595616746945634
 sp_err_abs_rel_linf_norms = 3.337346575930766 7.5977297479570085
