reading fom    state /home/fnrizzi/waveRuns/romAccuracyScenario2/train2//fom_mesh512x2048_nThreads_36_dt_0.1_T_2000_snaps_true_seismo_true_mat_prem_fRank_1_test_0/state_timestep_20000_vp
reading approx state /home/fnrizzi/waveRuns/romAccuracyScenario2/train2//rom_mesh512x2048_nThreads_18_dt_0.1_T_2000_snaps_true_mat_prem_fRank_14_nPod_170_63/fomReconstructedState_timestep_20000_f_0_vp
 vp_fom_minmax    = -6.211123254338066e-08 5.62863979675722e-08
 vp_approx_minmax = -4.4754468772833875e-07 3.164427971308138e-07
 vp_err_minmax    = -3.164490659649412e-07 4.475302409094426e-07
 vp_err_abs_rel_ltwo_norms = 6.246244935089012e-06 4.001809943821042
 vp_err_abs_rel_linf_norms = 4.475302409094426e-07 7.205302850766515
