reading fom    state /home/fnrizzi/waveRuns/romAccuracyScenario2/train2//fom_mesh512x2048_nThreads_36_dt_0.1_T_2000_snaps_true_seismo_true_mat_prem_fRank_1_test_10/state_timestep_20000_vp
reading approx state /home/fnrizzi/waveRuns/romAccuracyScenario2/train2//rom_mesh512x2048_nThreads_18_dt_0.1_T_2000_snaps_true_mat_prem_fRank_14_nPod_170_63/fomReconstructedState_timestep_20000_f_10_vp
 vp_fom_minmax    = -1.240122250486767e-07 1.404439212047895e-07
 vp_approx_minmax = -3.2631980808045375e-06 1.288094182626833e-06
 vp_err_minmax    = -1.2881005090722363e-06 3.2632012444408843e-06
 vp_err_abs_rel_ltwo_norms = 2.236700921134624e-05 6.656562894214209
 vp_err_abs_rel_linf_norms = 3.2632012444408843e-06 23.23490555125287
