reading fom    state /home/fnrizzi/waveRuns/romAccuracyScenario2/train2//fom_mesh512x2048_nThreads_36_dt_0.1_T_2000_snaps_true_seismo_true_mat_prem_fRank_1_test_4/state_timestep_20000_sp
reading approx state /home/fnrizzi/waveRuns/romAccuracyScenario2/train2//rom_mesh512x2048_nThreads_18_dt_0.1_T_2000_snaps_true_mat_prem_fRank_14_nPod_170_63/fomReconstructedState_timestep_20000_f_4_sp
 sp_fom_minmax    = -1.1636066741885316 1.1986252626742355
 sp_approx_minmax = -7.400349324609133 4.56900502616231
 sp_err_minmax    = -4.569004165673581 7.400349106864074
 sp_err_abs_rel_ltwo_norms = 140.05966755514166 4.420579371476912
 sp_err_abs_rel_linf_norms = 7.400349106864074 6.174030647704907
