reading fom    state /home/fnrizzi/waveRuns/romAccuracyScenario2/train2//fom_mesh512x2048_nThreads_36_dt_0.1_T_2000_snaps_true_seismo_true_mat_prem_fRank_1_test_9/state_timestep_20000_vp
reading approx state /home/fnrizzi/waveRuns/romAccuracyScenario2/train2//rom_mesh512x2048_nThreads_18_dt_0.1_T_2000_snaps_true_mat_prem_fRank_14_nPod_170_63/fomReconstructedState_timestep_20000_f_9_vp
 vp_fom_minmax    = -4.178010993194785e-08 3.1759270330385817e-08
 vp_approx_minmax = -3.2917660818532977e-07 2.3544039117835606e-07
 vp_err_minmax    = -2.3544249330077744e-07 3.291695218451714e-07
 vp_err_abs_rel_ltwo_norms = 5.338896493045616e-06 4.628980830774344
 vp_err_abs_rel_linf_norms = 3.291695218451714e-07 7.878617896921007
