reading fom    state /home/fnrizzi/waveRuns/romAccuracyScenario2/train2//fom_mesh512x2048_nThreads_36_dt_0.1_T_2000_snaps_true_seismo_true_mat_prem_fRank_1_test_4/state_timestep_20000_vp
reading approx state /home/fnrizzi/waveRuns/romAccuracyScenario2/train2//rom_mesh512x2048_nThreads_18_dt_0.1_T_2000_snaps_true_mat_prem_fRank_14_nPod_170_63/fomReconstructedState_timestep_20000_f_4_vp
 vp_fom_minmax    = -8.389318122707831e-08 7.931851793649922e-08
 vp_approx_minmax = -5.827565275299072e-07 4.430508886178137e-07
 vp_err_minmax    = -4.4306053507923795e-07 5.827369877416275e-07
 vp_err_abs_rel_ltwo_norms = 7.315597916656692e-06 3.951220546178973
 vp_err_abs_rel_linf_norms = 5.827369877416275e-07 6.946178213987393
