reading fom    state /home/fnrizzi/waveRuns/romAccuracyScenario2/train2//fom_mesh512x2048_nThreads_36_dt_0.1_T_2000_snaps_true_seismo_true_mat_prem_fRank_1_test_7/state_timestep_20000_sp
reading approx state /home/fnrizzi/waveRuns/romAccuracyScenario2/train2//rom_mesh512x2048_nThreads_18_dt_0.1_T_2000_snaps_true_mat_prem_fRank_14_nPod_170_63/fomReconstructedState_timestep_20000_f_7_sp
 sp_fom_minmax    = -1.358115975068079 1.3459612899400317
 sp_approx_minmax = -7.848747122647978 5.435697946991608
 sp_err_minmax    = -5.435696835408873 7.848746696056217
 sp_err_abs_rel_ltwo_norms = 154.65353644612054 4.435310802202904
 sp_err_abs_rel_linf_norms = 7.848746696056217 5.779143195530691
