reading fom    state /home/fnrizzi/waveRuns/romAccuracyScenario2/train2//fom_mesh512x2048_nThreads_36_dt_0.1_T_2000_snaps_true_seismo_true_mat_prem_fRank_1_test_6/state_timestep_20000_vp
reading approx state /home/fnrizzi/waveRuns/romAccuracyScenario2/train2//rom_mesh512x2048_nThreads_18_dt_0.1_T_2000_snaps_true_mat_prem_fRank_14_nPod_170_63/fomReconstructedState_timestep_20000_f_6_vp
 vp_fom_minmax    = -8.643974753651675e-08 8.230998906129439e-08
 vp_approx_minmax = -6.006685596818689e-07 4.60912983563801e-07
 vp_err_minmax    = -4.6092288405151793e-07 6.0064852330739e-07
 vp_err_abs_rel_ltwo_norms = 7.489087457982489e-06 3.9636116186072594
 vp_err_abs_rel_linf_norms = 6.0064852330739e-07 6.948753790073764
