reading fom    state /home/fnrizzi/waveRuns/romAccuracyScenario2/train2//fom_mesh512x2048_nThreads_36_dt_0.1_T_2000_snaps_true_seismo_true_mat_prem_fRank_1_test_1/state_timestep_20000_sp
reading approx state /home/fnrizzi/waveRuns/romAccuracyScenario2/train2//rom_mesh512x2048_nThreads_18_dt_0.1_T_2000_snaps_true_mat_prem_fRank_14_nPod_170_63/fomReconstructedState_timestep_20000_f_1_sp
 sp_fom_minmax    = -0.5333560753871908 0.5913344063462482
 sp_approx_minmax = -4.432046925390161 2.2190515053103526
 sp_err_minmax    = -2.219050799664794 4.432046958904594
 sp_err_abs_rel_ltwo_norms = 86.17608972637166 3.890738463512933
 sp_err_abs_rel_linf_norms = 4.432046958904594 7.494992531027301
