reading fom    state /home/fnrizzi/waveRuns/romAccuracyScenario2/train2//fom_mesh512x2048_nThreads_36_dt_0.1_T_2000_snaps_true_seismo_true_mat_prem_fRank_1_test_6/state_timestep_20000_sp
reading approx state /home/fnrizzi/waveRuns/romAccuracyScenario2/train2//rom_mesh512x2048_nThreads_18_dt_0.1_T_2000_snaps_true_mat_prem_fRank_14_nPod_170_63/fomReconstructedState_timestep_20000_f_6_sp
 sp_fom_minmax    = -1.2055459987463144 1.2320072712135786
 sp_approx_minmax = -7.484756768039845 4.7534873162707685
 sp_err_minmax    = -4.753486406411442 7.4847565241810345
 sp_err_abs_rel_ltwo_norms = 143.2449409608023 4.428587542677685
 sp_err_abs_rel_linf_norms = 7.4847565241810345 6.075253530612881
