reading fom    state /home/fnrizzi/waveRuns/romAccuracyScenario2/train2//fom_mesh512x2048_nThreads_36_dt_0.1_T_2000_snaps_true_seismo_true_mat_prem_fRank_1_test_0/state_timestep_20000_sp
reading approx state /home/fnrizzi/waveRuns/romAccuracyScenario2/train2//rom_mesh512x2048_nThreads_18_dt_0.1_T_2000_snaps_true_mat_prem_fRank_14_nPod_170_63/fomReconstructedState_timestep_20000_f_0_sp
 sp_fom_minmax    = -0.8303701152900599 0.9035025046754709
 sp_approx_minmax = -6.199418319394802 3.139370562338361
 sp_err_minmax    = -3.139369979095741 6.1994182690087
 sp_err_abs_rel_ltwo_norms = 113.35282608780429 4.248955260071827
 sp_err_abs_rel_linf_norms = 6.1994182690087 6.8615396602973115
