reading fom    state /home/fnrizzi/waveRuns/romAccuracyScenario2/train2//fom_mesh512x2048_nThreads_36_dt_0.1_T_2000_snaps_true_seismo_true_mat_prem_fRank_1_test_12/state_timestep_20000_sp
reading approx state /home/fnrizzi/waveRuns/romAccuracyScenario2/train2//rom_mesh512x2048_nThreads_18_dt_0.1_T_2000_snaps_true_mat_prem_fRank_14_nPod_170_63/fomReconstructedState_timestep_20000_f_12_sp
 sp_fom_minmax    = -1.9181854392302928 1.7386659448612778
 sp_approx_minmax = -9.479129668093567 8.289915912323444
 sp_err_minmax    = -8.289913427798128 9.479128197662668
 sp_err_abs_rel_ltwo_norms = 200.21657850193287 4.145452595509918
 sp_err_abs_rel_linf_norms = 9.479128197662668 4.941716271950402
