reading fom    state /home/fnrizzi/waveRuns/romAccuracyScenario2/train2//fom_mesh512x2048_nThreads_36_dt_0.1_T_2000_snaps_true_seismo_true_mat_prem_fRank_1_test_5/state_timestep_20000_vp
reading approx state /home/fnrizzi/waveRuns/romAccuracyScenario2/train2//rom_mesh512x2048_nThreads_18_dt_0.1_T_2000_snaps_true_mat_prem_fRank_14_nPod_170_63/fomReconstructedState_timestep_20000_f_5_vp
 vp_fom_minmax    = -1.0764616464143212e-07 1.0947607022853834e-07
 vp_approx_minmax = -7.617018970831914e-07 6.74521380596399e-07
 vp_err_minmax    = -6.745337415995288e-07 7.61679529527809e-07
 vp_err_abs_rel_ltwo_norms = 9.679343169847597e-06 4.236278066660193
 vp_err_abs_rel_linf_norms = 7.61679529527809e-07 6.957497907421723
