reading fom    state /home/fnrizzi/waveRuns/romAccuracyScenario2/train2//fom_mesh512x2048_nThreads_36_dt_0.1_T_2000_snaps_true_seismo_true_mat_prem_fRank_1_test_13/state_timestep_20000_vp
reading approx state /home/fnrizzi/waveRuns/romAccuracyScenario2/train2//rom_mesh512x2048_nThreads_18_dt_0.1_T_2000_snaps_true_mat_prem_fRank_14_nPod_170_63/fomReconstructedState_timestep_20000_f_13_vp
 vp_fom_minmax    = -3.959188791929077e-08 2.947016804189463e-08
 vp_approx_minmax = -3.177351741403229e-07 2.3092940407077545e-07
 vp_err_minmax    = -2.3093151629715844e-07 3.1772881581046454e-07
 vp_err_abs_rel_ltwo_norms = 5.247373536288312e-06 4.743449525762123
 vp_err_abs_rel_linf_norms = 3.1772881581046454e-07 8.02509889041321
