reading fom    state /home/fnrizzi/waveRuns/romAccuracyScenario2/train2//fom_mesh512x2048_nThreads_36_dt_0.1_T_2000_snaps_true_seismo_true_mat_prem_fRank_1_test_12/state_timestep_20000_vp
reading approx state /home/fnrizzi/waveRuns/romAccuracyScenario2/train2//rom_mesh512x2048_nThreads_18_dt_0.1_T_2000_snaps_true_mat_prem_fRank_14_nPod_170_63/fomReconstructedState_timestep_20000_f_12_vp
 vp_fom_minmax    = -1.203220505688684e-07 1.3162000284543027e-07
 vp_approx_minmax = -8.35398273766477e-07 9.57890895708981e-07
 vp_err_minmax    = -9.579016682195095e-07 8.353788101166627e-07
 vp_err_abs_rel_ltwo_norms = 1.359284839609332e-05 4.856667347970861
 vp_err_abs_rel_linf_norms = 9.579016682195095e-07 7.2777818531460925
