reading fom    state /home/fnrizzi/waveRuns/romAccuracyScenario2/train2//fom_mesh512x2048_nThreads_36_dt_0.1_T_2000_snaps_true_seismo_true_mat_prem_fRank_1_test_11/state_timestep_20000_vp
reading approx state /home/fnrizzi/waveRuns/romAccuracyScenario2/train2//rom_mesh512x2048_nThreads_18_dt_0.1_T_2000_snaps_true_mat_prem_fRank_14_nPod_170_63/fomReconstructedState_timestep_20000_f_11_vp
 vp_fom_minmax    = -3.53420896070475e-08 2.7250806865745653e-08
 vp_approx_minmax = -2.9639223144141133e-07 2.1811869413348966e-07
 vp_err_minmax    = -2.1812054354419742e-07 2.963868515712642e-07
 vp_err_abs_rel_ltwo_norms = 5.049819877826813e-06 5.005166788156913
 vp_err_abs_rel_linf_norms = 2.963868515712642e-07 8.386228852528353
