reading fom    state /home/fnrizzi/waveRuns/romAccuracyScenario2/train2//fom_mesh512x2048_nThreads_36_dt_0.1_T_2000_snaps_true_seismo_true_mat_prem_fRank_1_test_1/state_timestep_20000_vp
reading approx state /home/fnrizzi/waveRuns/romAccuracyScenario2/train2//rom_mesh512x2048_nThreads_18_dt_0.1_T_2000_snaps_true_mat_prem_fRank_14_nPod_170_63/fomReconstructedState_timestep_20000_f_1_vp
 vp_fom_minmax    = -4.797190215602297e-08 3.7522259867295666e-08
 vp_approx_minmax = -3.633927901659447e-07 2.417072839121477e-07
 vp_err_minmax    = -2.4170886023079504e-07 3.6338326726039e-07
 vp_err_abs_rel_ltwo_norms = 5.6020880290844795e-06 4.346532843710672
 vp_err_abs_rel_linf_norms = 3.6338326726039e-07 7.57491887810762
