reading fom    state /home/fnrizzi/waveRuns/romAccuracyScenario2/train2//fom_mesh512x2048_nThreads_36_dt_0.1_T_2000_snaps_true_seismo_true_mat_prem_fRank_1_test_2/state_timestep_20000_vp
reading approx state /home/fnrizzi/waveRuns/romAccuracyScenario2/train2//rom_mesh512x2048_nThreads_18_dt_0.1_T_2000_snaps_true_mat_prem_fRank_14_nPod_170_63/fomReconstructedState_timestep_20000_f_2_vp
 vp_fom_minmax    = -4.792533511328501e-08 3.748258399512784e-08
 vp_approx_minmax = -3.631151626266683e-07 2.416986135398241e-07
 vp_err_minmax    = -2.4170019678107494e-07 3.631056603184867e-07
 vp_err_abs_rel_ltwo_norms = 5.599994489530045e-06 4.348446803061503
 vp_err_abs_rel_linf_norms = 3.631056603184867e-07 7.576486621537113
