reading fom    state /home/fnrizzi/waveRuns/romAccuracyScenario2/train2//fom_mesh512x2048_nThreads_36_dt_0.1_T_2000_snaps_true_seismo_true_mat_prem_fRank_1_test_10/state_timestep_20000_sp
reading approx state /home/fnrizzi/waveRuns/romAccuracyScenario2/train2//rom_mesh512x2048_nThreads_18_dt_0.1_T_2000_snaps_true_mat_prem_fRank_14_nPod_170_63/fomReconstructedState_timestep_20000_f_10_sp
 sp_fom_minmax    = -2.0760992946412564 1.8039889154082287
 sp_approx_minmax = -10.308391184613313 9.465859274869945
 sp_err_minmax    = -9.465855721033002 10.30838936048356
 sp_err_abs_rel_ltwo_norms = 223.9061524630679 3.8533525303667853
 sp_err_abs_rel_linf_norms = 10.30838936048356 4.965267984576247
