reading fom    state /home/fnrizzi/waveRuns/romAccuracyScenario2/train2//fom_mesh512x2048_nThreads_36_dt_0.1_T_2000_snaps_true_seismo_true_mat_prem_fRank_1_test_7/state_timestep_20000_vp
reading approx state /home/fnrizzi/waveRuns/romAccuracyScenario2/train2//rom_mesh512x2048_nThreads_18_dt_0.1_T_2000_snaps_true_mat_prem_fRank_14_nPod_170_63/fomReconstructedState_timestep_20000_f_7_vp
 vp_fom_minmax    = -9.530837765569947e-08 9.31448076279754e-08
 vp_approx_minmax = -6.662103765662523e-07 5.330524565538309e-07
 vp_err_minmax    = -5.330642929831714e-07 6.661888942086727e-07
 vp_err_abs_rel_ltwo_norms = 8.212284923962745e-06 4.038060322226732
 vp_err_abs_rel_linf_norms = 6.661888942086727e-07 6.9898251401914875
