reading fom    state /home/fnrizzi/waveRuns/romAccuracyScenario1/train3/fom_mesh256x1024_nThreads_36_dt_0.1_T_2000_snaps_true_seismo_true_mat_bilayer_fRank_1_test_9/state_timestep_20000_vp
reading approx state /home/fnrizzi/waveRuns/romAccuracyScenario1/train3/rom_mesh256x1024_nThreads_18_dt_0.1_T_2000_snaps_true_mat_bilayer_fRank_1_nPod_26_26_test_9/fomReconstructedState_timestep_20000_vp
 vp_fom_minmax    = -2.5493725350146407e-10 3.447657973496755e-10
 vp_approx_minmax = -1.133064586117974e-09 9.250155317396717e-10
 vp_err_minmax    = -9.248541865147739e-10 1.1320273123252732e-09
 vp_err_abs_rel_ltwo_norms = 3.7027782786057615e-08 2.71445819049693
 vp_err_abs_rel_linf_norms = 1.1320273123252732e-09 3.2834675626977146
