reading fom    state /home/fnrizzi/waveRuns/romAccuracyScenario1/train3_v2//fom_mesh256x1024_nThreads_36_dt_0.1_T_2000_snaps_true_seismo_true_mat_bilayer_fRank_1_test_7/state_timestep_20000_vp
reading approx state /home/fnrizzi/waveRuns/romAccuracyScenario1/train3_v2//rom_mesh256x1024_nThreads_18_dt_0.1_T_2000_snaps_true_mat_bilayer_fRank_1_nPod_1117_1117_test_7/fomReconstructedState_timestep_20000_vp
 vp_fom_minmax    = -3.0716946780546993e-10 3.71225311503799e-10
 vp_approx_minmax = -3.0775405807196523e-10 3.724964896030315e-10
 vp_err_minmax    = -9.450927652603299e-11 1.747826785581389e-10
 vp_err_abs_rel_ltwo_norms = 6.451176691103335e-10 0.04618205681076091
 vp_err_abs_rel_linf_norms = 1.747826785581389e-10 0.4708264041859393
