reading fom    state /home/fnrizzi/romAccuracyT4/fom_mesh512x2048_nThreads_36_dt_0.1_T_2000.0_snaps_true_seismo_true_mat_prem_fRank_1_test_11/finalFomState_sp_0
reading approx state /home/fnrizzi/romAccuracyT4/rom_mesh512x2048_nThreads_18_dt_0.1_T_2000.0_snaps_true_mat_prem_fRank_14_nPod_415_415/finalFomState_sp_11
 sp_fom_minmax    = -0.3438349054478519 0.37960949010065237
 sp_approx_minmax = -0.3449840451489308 0.3799052829153264
 sp_err_minmax    = -0.004504387471094384 0.0024332788662911053
 sp_err_abs_rel_ltwo_norms = 0.12557615901679528 0.007113385332243251
 sp_err_abs_rel_linf_norms = 0.004504387471094384 0.011865845266144582
