reading fom    state /home/fnrizzi/waveRuns/romAccuracyScenario1/train3/fom_mesh256x1024_nThreads_36_dt_0.1_T_2000_snaps_true_seismo_true_mat_bilayer_fRank_1_test_11/state_timestep_20000_sp
reading approx state /home/fnrizzi/waveRuns/romAccuracyScenario1/train3/rom_mesh256x1024_nThreads_18_dt_0.1_T_2000_snaps_true_mat_bilayer_fRank_1_nPod_1819_1819_test_11/fomReconstructedState_timestep_20000_sp
 sp_fom_minmax    = -0.008464924751326737 0.005973911114910488
 sp_approx_minmax = -8.629915622068296 19.14243851096592
 sp_err_minmax    = -19.142447330805258 8.629915118831681
 sp_err_abs_rel_ltwo_norms = 30.31132483369308 81.24605020150038
 sp_err_abs_rel_linf_norms = 19.142447330805258 2261.3842288208166
