reading fom    state /home/fnrizzi/waveRuns/romAccuracyScenario1/train3/fom_mesh256x1024_nThreads_36_dt_0.1_T_2000_snaps_true_seismo_true_mat_bilayer_fRank_1_test_11/state_timestep_20000_vp
reading approx state /home/fnrizzi/waveRuns/romAccuracyScenario1/train3/rom_mesh256x1024_nThreads_18_dt_0.1_T_2000_snaps_true_mat_bilayer_fRank_1_nPod_1819_1819_test_11/fomReconstructedState_timestep_20000_vp
 vp_fom_minmax    = -2.3192295436893545e-10 3.1914482917700973e-10
 vp_approx_minmax = -1.892377006309881e-08 2.3458670786104745e-08
 vp_err_minmax    = -2.345852716155406e-08 1.8924005194235517e-08
 vp_err_abs_rel_ltwo_norms = 1.5584905145997458e-07 11.596165508614847
 vp_err_abs_rel_linf_norms = 2.345852716155406e-08 73.50433100247123
