reading fom    state /home/fnrizzi/waveRuns/romAccuracyScenario1/train3/fom_mesh256x1024_nThreads_36_dt_0.1_T_2000_snaps_true_seismo_true_mat_bilayer_fRank_1_test_11/state_timestep_20000_sp
reading approx state /home/fnrizzi/waveRuns/romAccuracyScenario1/train3/rom_mesh256x1024_nThreads_18_dt_0.1_T_2000_snaps_true_mat_bilayer_fRank_1_nPod_104_104_test_11/fomReconstructedState_timestep_20000_sp
 sp_fom_minmax    = -0.008464924751326737 0.005973911114910488
 sp_approx_minmax = -0.019378384775037345 0.014209646806748048
 sp_err_minmax    = -0.014206234579680154 0.019377881538422494
 sp_err_abs_rel_ltwo_norms = 0.17274363015161684 0.46301960486026394
 sp_err_abs_rel_linf_norms = 0.019377881538422494 2.289197140870665
