reading fom    state /home/fnrizzi/waveRuns/romAccuracyScenario2/train2/fom_mesh512x2048_nThreads_36_dt_0.1_T_2000_snaps_true_seismo_true_mat_prem_fRank_1_test_3/state_timestep_20000_sp
reading approx state /home/fnrizzi/waveRuns/romAccuracyScenario2/train2/rom_mesh512x2048_nThreads_18_dt_0.1_T_2000_snaps_true_mat_prem_fRank_14_nPod_275_275/fomReconstructedState_timestep_20000_f_3_sp
 sp_fom_minmax    = -0.4049200801282478 0.4145446855028664
 sp_approx_minmax = -0.49545201511101866 0.39795872135323673
 sp_err_minmax    = -0.2514743641762436 0.49545208114173334
 sp_err_abs_rel_ltwo_norms = 9.249038607504742 0.4720098300933886
 sp_err_abs_rel_linf_norms = 0.49545208114173334 1.195171711200981
