reading fom    state /home/fnrizzi/waveRuns/romAccuracyScenario2/train2/fom_mesh512x2048_nThreads_36_dt_0.1_T_2000_snaps_true_seismo_true_mat_prem_fRank_1_test_11/state_timestep_20000_vp
reading approx state /home/fnrizzi/waveRuns/romAccuracyScenario2/train2/rom_mesh512x2048_nThreads_18_dt_0.1_T_2000_snaps_true_mat_prem_fRank_14_nPod_275_275/fomReconstructedState_timestep_20000_f_11_vp
 vp_fom_minmax    = -3.53420896070475e-08 2.7250806865745653e-08
 vp_approx_minmax = -3.4805572981562125e-08 3.5690537489285994e-08
 vp_err_minmax    = -3.569124046173744e-08 6.148984043545369e-09
 vp_err_abs_rel_ltwo_norms = 4.533525880183542e-07 0.44934381260564055
 vp_err_abs_rel_linf_norms = 3.569124046173744e-08 1.0098791797138196
