reading fom    state /home/fnrizzi/waveRuns/romAccuracyScenario2/train2/fom_mesh512x2048_nThreads_36_dt_0.1_T_2000_snaps_true_seismo_true_mat_prem_fRank_1_test_13/state_timestep_20000_vp
reading approx state /home/fnrizzi/waveRuns/romAccuracyScenario2/train2/rom_mesh512x2048_nThreads_18_dt_0.1_T_2000_snaps_true_mat_prem_fRank_14_nPod_275_275/fomReconstructedState_timestep_20000_f_13_vp
 vp_fom_minmax    = -3.959188791929077e-08 2.947016804189463e-08
 vp_approx_minmax = -4.066082500229832e-08 4.471248914801374e-08
 vp_err_minmax    = -4.471313237301155e-08 6.437070372454249e-09
 vp_err_abs_rel_ltwo_norms = 4.995498707825137e-07 0.45157631361116224
 vp_err_abs_rel_linf_norms = 4.471313237301155e-08 1.1293508524817153
