reading fom    state /home/fnrizzi/waveRuns/romAccuracyScenario2/train2/fom_mesh512x2048_nThreads_36_dt_0.1_T_2000_snaps_true_seismo_true_mat_prem_fRank_1_test_9/state_timestep_20000_vp
reading approx state /home/fnrizzi/waveRuns/romAccuracyScenario2/train2/rom_mesh512x2048_nThreads_18_dt_0.1_T_2000_snaps_true_mat_prem_fRank_14_nPod_275_275/fomReconstructedState_timestep_20000_f_9_vp
 vp_fom_minmax    = -4.178010993194785e-08 3.1759270330385817e-08
 vp_approx_minmax = -4.3266245042725983e-08 4.961802901901639e-08
 vp_err_minmax    = -4.9618663734711565e-08 7.34835357939488e-09
 vp_err_abs_rel_ltwo_norms = 5.282972738780682e-07 0.4580493285302257
 vp_err_abs_rel_linf_norms = 4.9618663734711565e-08 1.1876144848716599
