reading fom    state /home/fnrizzi/waveRuns/romAccuracyScenario2/train2/fom_mesh512x2048_nThreads_36_dt_0.1_T_2000_snaps_true_seismo_true_mat_prem_fRank_1_test_5/state_timestep_20000_sp
reading approx state /home/fnrizzi/waveRuns/romAccuracyScenario2/train2/rom_mesh512x2048_nThreads_18_dt_0.1_T_2000_snaps_true_mat_prem_fRank_14_nPod_275_275/fomReconstructedState_timestep_20000_f_5_sp
 sp_fom_minmax    = -1.5911772184743067 1.5017164637347515
 sp_approx_minmax = -1.85404027969469 3.676912688716456
 sp_err_minmax    = -3.676912762969532 1.8540086720864821
 sp_err_abs_rel_ltwo_norms = 21.080587051857325 0.5366958113251701
 sp_err_abs_rel_linf_norms = 3.676912762969532 2.3108128499320295
