reading fom    state /home/fnrizzi/waveRuns/romAccuracyScenario1/train3/fom_mesh256x1024_nThreads_36_dt_0.1_T_2000_snaps_true_seismo_true_mat_bilayer_fRank_1_test_4/state_timestep_20000_vp
reading approx state /home/fnrizzi/waveRuns/romAccuracyScenario1/train3/rom_mesh256x1024_nThreads_18_dt_0.1_T_2000_snaps_true_mat_bilayer_fRank_1_nPod_204_204_test_4/fomReconstructedState_timestep_20000_vp
 vp_fom_minmax    = -3.1207237740661305e-10 3.716253074700303e-10
 vp_approx_minmax = -3.099038795286506e-10 3.738021674559865e-10
 vp_err_minmax    = -2.9932783883278693e-10 2.3984953279944997e-10
 vp_err_abs_rel_ltwo_norms = 8.303195425963942e-10 0.05932544671050493
 vp_err_abs_rel_linf_norms = 2.9932783883278693e-10 0.8054560139366349
