reading fom    state /home/fnrizzi/waveRuns/romAccuracyScenario1/train3_v2//fom_mesh256x1024_nThreads_36_dt_0.1_T_2000_snaps_true_seismo_true_mat_bilayer_fRank_1_test_4/state_timestep_20000_sp
reading approx state /home/fnrizzi/waveRuns/romAccuracyScenario1/train3_v2//rom_mesh256x1024_nThreads_18_dt_0.1_T_2000_snaps_true_mat_bilayer_fRank_1_nPod_1914_1914_test_4/fomReconstructedState_timestep_20000_sp
 sp_fom_minmax    = -0.009470906279489572 0.007348611935646899
 sp_approx_minmax = -0.013927237767408975 0.007352115127761824
 sp_err_minmax    = -0.005778358756639906 0.013922737109978345
 sp_err_abs_rel_ltwo_norms = 0.025567543648041462 0.06734596898824469
 sp_err_abs_rel_linf_norms = 0.013922737109978345 1.4700533084283358
