reading fom    state /home/fnrizzi/waveRuns/romAccuracyScenario1/train3/fom_mesh256x1024_nThreads_36_dt_0.1_T_2000_snaps_true_seismo_true_mat_bilayer_fRank_1_test_8/state_timestep_20000_sp
reading approx state /home/fnrizzi/waveRuns/romAccuracyScenario1/train3/rom_mesh256x1024_nThreads_18_dt_0.1_T_2000_snaps_true_mat_bilayer_fRank_1_nPod_104_104_test_8/fomReconstructedState_timestep_20000_sp
 sp_fom_minmax    = -0.009451244926736184 0.008206349329493007
 sp_approx_minmax = -0.016734833681521996 0.020915492601247317
 sp_err_minmax    = -0.020920137188363854 0.01673701219017772
 sp_err_abs_rel_ltwo_norms = 0.12817847358130624 0.3353227741887827
 sp_err_abs_rel_linf_norms = 0.020920137188363854 2.2134795310598565
