reading fom    state /home/fnrizzi/waveRuns/romAccuracyScenario1/train3/fom_mesh256x1024_nThreads_36_dt_0.1_T_2000_snaps_true_seismo_true_mat_bilayer_fRank_1_test_4/state_timestep_20000_sp
reading approx state /home/fnrizzi/waveRuns/romAccuracyScenario1/train3/rom_mesh256x1024_nThreads_18_dt_0.1_T_2000_snaps_true_mat_bilayer_fRank_1_nPod_104_104_test_4/fomReconstructedState_timestep_20000_sp
 sp_fom_minmax    = -0.009519839330177566 0.007797777071990026
 sp_approx_minmax = -0.021007357367469875 0.028300507075534293
 sp_err_minmax    = -0.0282834951560419 0.020999575094090284
 sp_err_abs_rel_ltwo_norms = 0.13551837263672825 0.3556610805328199
 sp_err_abs_rel_linf_norms = 0.0282834951560419 2.9710055154380792
