reading fom    state /home/fnrizzi/waveRuns/romAccuracyScenario1/train3/fom_mesh256x1024_nThreads_36_dt_0.1_T_2000_snaps_true_seismo_true_mat_bilayer_fRank_1_test_4/state_timestep_20000_vp
reading approx state /home/fnrizzi/waveRuns/romAccuracyScenario1/train3/rom_mesh256x1024_nThreads_18_dt_0.1_T_2000_snaps_true_mat_bilayer_fRank_1_nPod_104_104_test_4/fomReconstructedState_timestep_20000_vp
 vp_fom_minmax    = -3.1207237740661305e-10 3.716253074700303e-10
 vp_approx_minmax = -3.1084442687772775e-10 8.970745690427267e-10
 vp_err_minmax    = -8.969610803019943e-10 1.1864684581363176e-10
 vp_err_abs_rel_ltwo_norms = 3.483039653599854e-09 0.24885947247980744
 vp_err_abs_rel_linf_norms = 8.969610803019943e-10 2.413616786241959
