reading fom    state /home/fnrizzi/waveRuns/romAccuracyScenario1/train3/fom_mesh256x1024_nThreads_36_dt_0.1_T_2000_snaps_true_seismo_true_mat_bilayer_fRank_1_test_1/state_timestep_20000_vp
reading approx state /home/fnrizzi/waveRuns/romAccuracyScenario1/train3/rom_mesh256x1024_nThreads_18_dt_0.1_T_2000_snaps_true_mat_bilayer_fRank_1_nPod_204_204_test_1/fomReconstructedState_timestep_20000_vp
 vp_fom_minmax    = -2.6789588453674096e-10 3.5561590732223824e-10
 vp_approx_minmax = -2.675926650120984e-10 3.589391770856168e-10
 vp_err_minmax    = -1.5102241903922756e-10 1.1250062826904358e-10
 vp_err_abs_rel_ltwo_norms = 8.396459305284608e-10 0.061127663110268696
 vp_err_abs_rel_linf_norms = 1.5102241903922756e-10 0.424678468903192
