reading fom    state /home/fnrizzi/waveRuns/romAccuracyScenario1/train3_v2//fom_mesh256x1024_nThreads_36_dt_0.1_T_2000_snaps_true_seismo_true_mat_bilayer_fRank_1_test_1/state_timestep_20000_sp
reading approx state /home/fnrizzi/waveRuns/romAccuracyScenario1/train3_v2//rom_mesh256x1024_nThreads_18_dt_0.1_T_2000_snaps_true_mat_bilayer_fRank_1_nPod_117_117_test_1/fomReconstructedState_timestep_20000_sp
 sp_fom_minmax    = -0.008585311102855478 0.006068857766502909
 sp_approx_minmax = -0.009010710788138216 0.009325388099584062
 sp_err_minmax    = -0.009336364654444856 0.007469799009097703
 sp_err_abs_rel_ltwo_norms = 0.08938404879840467 0.23916592436654974
 sp_err_abs_rel_linf_norms = 0.009336364654444856 1.087481227248664
