reading fom    state /home/fnrizzi/waveRuns/romAccuracyScenario2/train2//fom_mesh512x2048_nThreads_36_dt_0.1_T_2000_snaps_true_seismo_true_mat_prem_fRank_1_test_9/state_timestep_20000_sp
reading approx state /home/fnrizzi/waveRuns/romAccuracyScenario2/train2//rom_mesh512x2048_nThreads_18_dt_0.1_T_2000_snaps_true_mat_prem_fRank_14_nPod_275_232/fomReconstructedState_timestep_20000_f_9_sp
 sp_fom_minmax    = -0.42112955016071196 0.43925576279258444
 sp_approx_minmax = -0.45599227259805164 0.7423770933711942
 sp_err_minmax    = -0.7423770140444755 0.3890072086557068
 sp_err_abs_rel_ltwo_norms = 18.060099955029653 0.9047424327665332
 sp_err_abs_rel_linf_norms = 0.7423770140444755 1.6900791678287537
