reading fom    state /home/fnrizzi/waveRuns/romAccuracyScenario2/train2//fom_mesh512x2048_nThreads_36_dt_0.1_T_2000_snaps_true_seismo_true_mat_prem_fRank_1_test_7/state_timestep_20000_sp
reading approx state /home/fnrizzi/waveRuns/romAccuracyScenario2/train2//rom_mesh512x2048_nThreads_18_dt_0.1_T_2000_snaps_true_mat_prem_fRank_14_nPod_275_232/fomReconstructedState_timestep_20000_f_7_sp
 sp_fom_minmax    = -1.358115975068079 1.3459612899400317
 sp_approx_minmax = -1.3294113217716912 1.0900210074287864
 sp_err_minmax    = -0.7316668135103339 0.38326104107921705
 sp_err_abs_rel_ltwo_norms = 15.74062688900974 0.45142564521046674
 sp_err_abs_rel_linf_norms = 0.7316668135103339 0.5387366226022468
