reading fom    state /home/fnrizzi/waveRuns/romAccuracyScenario2/train2//fom_mesh512x2048_nThreads_36_dt_0.1_T_2000_snaps_true_seismo_true_mat_prem_fRank_1_test_3/state_timestep_20000_sp
reading approx state /home/fnrizzi/waveRuns/romAccuracyScenario2/train2//rom_mesh512x2048_nThreads_18_dt_0.1_T_2000_snaps_true_mat_prem_fRank_14_nPod_275_232/fomReconstructedState_timestep_20000_f_3_sp
 sp_fom_minmax    = -0.4049200801282478 0.4145446855028664
 sp_approx_minmax = -0.449953161942374 0.7370610553354603
 sp_err_minmax    = -0.737060967640047 0.3861942322117157
 sp_err_abs_rel_ltwo_norms = 18.105742247976817 0.923997475288714
 sp_err_abs_rel_linf_norms = 0.737060967640047 1.7780012467074569
