reading fom    state /home/fnrizzi/waveRuns/romAccuracyScenario2/train2//fom_mesh512x2048_nThreads_36_dt_0.1_T_2000_snaps_true_seismo_true_mat_prem_fRank_1_test_4/state_timestep_20000_vp
reading approx state /home/fnrizzi/waveRuns/romAccuracyScenario2/train2//rom_mesh512x2048_nThreads_18_dt_0.1_T_2000_snaps_true_mat_prem_fRank_14_nPod_275_232/fomReconstructedState_timestep_20000_f_4_vp
 vp_fom_minmax    = -8.389318122707831e-08 7.931851793649922e-08
 vp_approx_minmax = -1.0779166884327617e-07 8.297640929750297e-08
 vp_err_minmax    = -3.009745288347464e-08 1.0779371355238873e-07
 vp_err_abs_rel_ltwo_norms = 1.1355967071887477e-06 0.613346043991982
 vp_err_abs_rel_linf_norms = 1.0779371355238873e-07 1.2848924307759593
