reading fom    state /home/fnrizzi/waveRuns/romAccuracyScenario2/train2//fom_mesh512x2048_nThreads_36_dt_0.1_T_2000_snaps_true_seismo_true_mat_prem_fRank_1_test_3/state_timestep_20000_vp
reading approx state /home/fnrizzi/waveRuns/romAccuracyScenario2/train2//rom_mesh512x2048_nThreads_18_dt_0.1_T_2000_snaps_true_mat_prem_fRank_14_nPod_275_232/fomReconstructedState_timestep_20000_f_3_vp
 vp_fom_minmax    = -4.0715528577268895e-08 3.066340105088159e-08
 vp_approx_minmax = -3.495108741172259e-08 3.234150430660582e-08
 vp_err_minmax    = -3.0540260144280764e-08 3.495070340264337e-08
 vp_err_abs_rel_ltwo_norms = 9.157365275516592e-07 0.8100625380455553
 vp_err_abs_rel_linf_norms = 3.495070340264337e-08 0.8584121249049933
