reading fom    state /home/fnrizzi/waveRuns/romAccuracyScenario2/train2//fom_mesh512x2048_nThreads_36_dt_0.1_T_2000_snaps_true_seismo_true_mat_prem_fRank_1_test_13/state_timestep_20000_vp
reading approx state /home/fnrizzi/waveRuns/romAccuracyScenario2/train2//rom_mesh512x2048_nThreads_18_dt_0.1_T_2000_snaps_true_mat_prem_fRank_14_nPod_275_232/fomReconstructedState_timestep_20000_f_13_vp
 vp_fom_minmax    = -3.959188791929077e-08 2.947016804189463e-08
 vp_approx_minmax = -3.280273751020263e-08 3.222233152985173e-08
 vp_err_minmax    = -3.0888882523728116e-08 3.280235313649519e-08
 vp_err_abs_rel_ltwo_norms = 9.168361643011908e-07 0.8287891149125727
 vp_err_abs_rel_linf_norms = 3.280235313649519e-08 0.8285119720323455
