reading fom    state /home/fnrizzi/waveRuns/romAccuracyScenario2/train2//fom_mesh512x2048_nThreads_36_dt_0.1_T_2000_snaps_true_seismo_true_mat_prem_fRank_1_test_6/state_timestep_20000_sp
reading approx state /home/fnrizzi/waveRuns/romAccuracyScenario2/train2//rom_mesh512x2048_nThreads_18_dt_0.1_T_2000_snaps_true_mat_prem_fRank_14_nPod_275_232/fomReconstructedState_timestep_20000_f_6_sp
 sp_fom_minmax    = -1.2055459987463144 1.2320072712135786
 sp_approx_minmax = -1.1826468531526815 0.9699532015886464
 sp_err_minmax    = -0.7487366306959916 0.39463889794910323
 sp_err_abs_rel_ltwo_norms = 16.522027882848388 0.5107981222302145
 sp_err_abs_rel_linf_norms = 0.7487366306959916 0.6077371848288321
