reading fom    state /home/fnrizzi/waveRuns/romAccuracyScenario2/train2//fom_mesh512x2048_nThreads_36_dt_0.1_T_2000_snaps_true_seismo_true_mat_prem_fRank_1_test_12/state_timestep_20000_vp
reading approx state /home/fnrizzi/waveRuns/romAccuracyScenario2/train2//rom_mesh512x2048_nThreads_18_dt_0.1_T_2000_snaps_true_mat_prem_fRank_14_nPod_275_232/fomReconstructedState_timestep_20000_f_12_vp
 vp_fom_minmax    = -1.203220505688684e-07 1.3162000284543027e-07
 vp_approx_minmax = -2.2950789099391735e-07 1.2437771719428295e-07
 vp_err_minmax    = -9.199016916701291e-08 2.2951853298956988e-07
 vp_err_abs_rel_ltwo_norms = 1.7208759193947336e-06 0.6148617011012795
 vp_err_abs_rel_linf_norms = 2.2951853298956988e-07 1.7437967484251469
