reading fom    state /home/fnrizzi/waveRuns/romAccuracyScenario2/train2//fom_mesh512x2048_nThreads_36_dt_0.1_T_2000_snaps_true_seismo_true_mat_prem_fRank_1_test_2/state_timestep_20000_vp
reading approx state /home/fnrizzi/waveRuns/romAccuracyScenario2/train2//rom_mesh512x2048_nThreads_18_dt_0.1_T_2000_snaps_true_mat_prem_fRank_14_nPod_275_232/fomReconstructedState_timestep_20000_f_2_vp
 vp_fom_minmax    = -4.792533511328501e-08 3.748258399512784e-08
 vp_approx_minmax = -5.1320590637051655e-08 4.0552379091744425e-08
 vp_err_minmax    = -2.988111794606981e-08 5.1320225931048856e-08
 vp_err_abs_rel_ltwo_norms = 9.246959642211955e-07 0.7180348510948223
 vp_err_abs_rel_linf_norms = 5.1320225931048856e-08 1.0708370804239358
