reading fom    state /home/fnrizzi/waveRuns/romAccuracyScenario2/train2//fom_mesh512x2048_nThreads_36_dt_0.1_T_2000_snaps_true_seismo_true_mat_prem_fRank_1_test_9/state_timestep_20000_vp
reading approx state /home/fnrizzi/waveRuns/romAccuracyScenario2/train2//rom_mesh512x2048_nThreads_18_dt_0.1_T_2000_snaps_true_mat_prem_fRank_14_nPod_275_232/fomReconstructedState_timestep_20000_f_9_vp
 vp_fom_minmax    = -4.178010993194785e-08 3.1759270330385817e-08
 vp_approx_minmax = -3.69863921058283e-08 3.251328697008488e-08
 vp_err_minmax    = -3.019046068839813e-08 3.6986012542825447e-08
 vp_err_abs_rel_ltwo_norms = 9.152332541768306e-07 0.7935342434134682
 vp_err_abs_rel_linf_norms = 3.6986012542825447e-08 0.8852540743207448
