reading fom    state /home/fnrizzi/waveRuns/romAccuracyScenario2/train2//fom_mesh512x2048_nThreads_36_dt_0.1_T_2000_snaps_true_seismo_true_mat_prem_fRank_1_test_12/state_timestep_20000_sp
reading approx state /home/fnrizzi/waveRuns/romAccuracyScenario2/train2//rom_mesh512x2048_nThreads_18_dt_0.1_T_2000_snaps_true_mat_prem_fRank_14_nPod_275_232/fomReconstructedState_timestep_20000_f_12_sp
 sp_fom_minmax    = -1.9181854392302928 1.7386659448612778
 sp_approx_minmax = -2.924185934214887 1.6012405463767354
 sp_err_minmax    = -1.4043753041355678 2.924185800318877
 sp_err_abs_rel_ltwo_norms = 24.218470835493235 0.501439608725046
 sp_err_abs_rel_linf_norms = 2.924185800318877 1.5244541745099787
