reading fom    state /home/fnrizzi/waveRuns/romAccuracyScenario2/train2//fom_mesh512x2048_nThreads_36_dt_0.1_T_2000_snaps_true_seismo_true_mat_prem_fRank_1_test_8/state_timestep_20000_vp
reading approx state /home/fnrizzi/waveRuns/romAccuracyScenario2/train2//rom_mesh512x2048_nThreads_18_dt_0.1_T_2000_snaps_true_mat_prem_fRank_14_nPod_275_232/fomReconstructedState_timestep_20000_f_8_vp
 vp_fom_minmax    = -1.0545110907453144e-07 1.0641232331090344e-07
 vp_approx_minmax = -1.3903803469170354e-07 1.0377642327779328e-07
 vp_err_minmax    = -3.340305782788491e-08 1.3904402613598492e-07
 vp_err_abs_rel_ltwo_norms = 1.2332563662569424e-06 0.5522249462963957
 vp_err_abs_rel_linf_norms = 1.3904402613598492e-07 1.3066534195456092
