reading fom    state /home/fnrizzi/waveRuns/romAccuracyScenario2/train2//fom_mesh512x2048_nThreads_36_dt_0.1_T_2000_snaps_true_seismo_true_mat_prem_fRank_1_test_6/state_timestep_20000_vp
reading approx state /home/fnrizzi/waveRuns/romAccuracyScenario2/train2//rom_mesh512x2048_nThreads_18_dt_0.1_T_2000_snaps_true_mat_prem_fRank_14_nPod_275_232/fomReconstructedState_timestep_20000_f_6_vp
 vp_fom_minmax    = -8.643974753651675e-08 8.230998906129439e-08
 vp_approx_minmax = -1.1106460942284534e-07 8.531346163343592e-08
 vp_err_minmax    = -3.0185304693749285e-08 1.1106689962642673e-07
 vp_err_abs_rel_ltwo_norms = 1.1497390375538207e-06 0.608501240395757
 vp_err_abs_rel_linf_norms = 1.1106689962642673e-07 1.2849054143697742
