reading fom    state /home/fnrizzi/waveRuns/romAccuracyScenario2/train2//fom_mesh512x2048_nThreads_36_dt_0.1_T_2000_snaps_true_seismo_true_mat_prem_fRank_1_test_11/state_timestep_20000_sp
reading approx state /home/fnrizzi/waveRuns/romAccuracyScenario2/train2//rom_mesh512x2048_nThreads_18_dt_0.1_T_2000_snaps_true_mat_prem_fRank_14_nPod_275_232/fomReconstructedState_timestep_20000_f_11_sp
 sp_fom_minmax    = -0.3438349054478519 0.37960949010065237
 sp_approx_minmax = -0.4115714352135894 0.7026292805214029
 sp_err_minmax    = -0.7026294415739007 0.36787564422746344
 sp_err_abs_rel_ltwo_norms = 18.56085867070147 1.0513981384344562
 sp_err_abs_rel_linf_norms = 0.7026294415739007 1.8509269654654854
