reading fom    state /home/fnrizzi/waveRuns/romAccuracyScenario2/train2//fom_mesh512x2048_nThreads_36_dt_0.1_T_2000_snaps_true_seismo_true_mat_prem_fRank_1_test_1/state_timestep_20000_sp
reading approx state /home/fnrizzi/waveRuns/romAccuracyScenario2/train2//rom_mesh512x2048_nThreads_18_dt_0.1_T_2000_snaps_true_mat_prem_fRank_14_nPod_275_232/fomReconstructedState_timestep_20000_f_1_sp
 sp_fom_minmax    = -0.5333560753871908 0.5913344063462482
 sp_approx_minmax = -0.5227178092971572 0.7644179907061701
 sp_err_minmax    = -0.7644179465037086 0.4010604383951336
 sp_err_abs_rel_ltwo_norms = 17.954285925663672 0.8106126775732707
 sp_err_abs_rel_linf_norms = 0.7644179465037086 1.292699931375401
