reading fom    state /home/fnrizzi/waveRuns/romAccuracyScenario2/train2//fom_mesh512x2048_nThreads_36_dt_0.1_T_2000_snaps_true_seismo_true_mat_prem_fRank_1_test_4/state_timestep_20000_sp
reading approx state /home/fnrizzi/waveRuns/romAccuracyScenario2/train2//rom_mesh512x2048_nThreads_18_dt_0.1_T_2000_snaps_true_mat_prem_fRank_14_nPod_275_232/fomReconstructedState_timestep_20000_f_4_sp
 sp_fom_minmax    = -1.1636066741885316 1.1986252626742355
 sp_approx_minmax = -1.1423205392315103 0.9384150579317736
 sp_err_minmax    = -0.7526575771540998 0.3968343212238153
 sp_err_abs_rel_ltwo_norms = 16.719917063198423 0.5277159495847058
 sp_err_abs_rel_linf_norms = 0.7526575771540998 0.6279340179055265
