reading fom    state /home/fnrizzi/waveRuns/romAccuracyScenario2/train2//fom_mesh512x2048_nThreads_36_dt_0.1_T_2000_snaps_true_seismo_true_mat_prem_fRank_1_test_0/state_timestep_20000_vp
reading approx state /home/fnrizzi/waveRuns/romAccuracyScenario2/train2//rom_mesh512x2048_nThreads_18_dt_0.1_T_2000_snaps_true_mat_prem_fRank_14_nPod_275_232/fomReconstructedState_timestep_20000_f_0_vp
 vp_fom_minmax    = -6.211123254338066e-08 5.62863979675722e-08
 vp_approx_minmax = -8.055618575417673e-08 6.241628616604887e-08
 vp_err_minmax    = -2.925244132275621e-08 8.055677462370031e-08
 vp_err_abs_rel_ltwo_norms = 1.0098627110761066e-06 0.6469933025482372
 vp_err_abs_rel_linf_norms = 8.055677462370031e-08 1.296975946620229
