reading fom    state /home/fnrizzi/waveRuns/romAccuracyScenario2/train2//fom_mesh512x2048_nThreads_36_dt_0.1_T_2000_snaps_true_seismo_true_mat_prem_fRank_1_test_2/state_timestep_20000_sp
reading approx state /home/fnrizzi/waveRuns/romAccuracyScenario2/train2//rom_mesh512x2048_nThreads_18_dt_0.1_T_2000_snaps_true_mat_prem_fRank_14_nPod_275_232/fomReconstructedState_timestep_20000_f_2_sp
 sp_fom_minmax    = -0.5323036033585555 0.5901295879730385
 sp_approx_minmax = -0.5215977509467518 0.7643030213036209
 sp_err_minmax    = -0.7643029767908618 0.4009961492175835
 sp_err_abs_rel_ltwo_norms = 17.95444555547449 0.8112458967823799
 sp_err_abs_rel_linf_norms = 0.7643029767908618 1.2951443079071319
