reading fom    state /home/fnrizzi/waveRuns/romAccuracyScenario2/train2//fom_mesh512x2048_nThreads_36_dt_0.1_T_2000_snaps_true_seismo_true_mat_prem_fRank_1_test_11/state_timestep_20000_vp
reading approx state /home/fnrizzi/waveRuns/romAccuracyScenario2/train2//rom_mesh512x2048_nThreads_18_dt_0.1_T_2000_snaps_true_mat_prem_fRank_14_nPod_275_232/fomReconstructedState_timestep_20000_f_11_vp
 vp_fom_minmax    = -3.53420896070475e-08 2.7250806865745653e-08
 vp_approx_minmax = -3.047929931755566e-08 3.204803592946851e-08
 vp_err_minmax    = -3.20495142570169e-08 2.425125353610506e-08
 vp_err_abs_rel_ltwo_norms = 9.259787767084506e-07 0.9177907988500046
 vp_err_abs_rel_linf_norms = 3.20495142570169e-08 0.9068369927573825
