reading fom    state /home/fnrizzi/waveRuns/romAccuracyScenario2/train2//fom_mesh512x2048_nThreads_36_dt_0.1_T_2000_snaps_true_seismo_true_mat_prem_fRank_1_test_8/state_timestep_20000_sp
reading approx state /home/fnrizzi/waveRuns/romAccuracyScenario2/train2//rom_mesh512x2048_nThreads_18_dt_0.1_T_2000_snaps_true_mat_prem_fRank_14_nPod_275_232/fomReconstructedState_timestep_20000_f_8_sp
 sp_fom_minmax    = -1.5470657008854076 1.472142316594941
 sp_approx_minmax = -1.511902901515892 1.2486378866990293
 sp_err_minmax    = -0.7025725732529849 0.6273585908217404
 sp_err_abs_rel_ltwo_norms = 14.94685213733685 0.38953091268740475
 sp_err_abs_rel_linf_norms = 0.7025725732529849 0.4541323441214505
