reading fom    state /home/fnrizzi/waveRuns/romAccuracyScenario2/train2//fom_mesh512x2048_nThreads_36_dt_0.1_T_2000_snaps_true_seismo_true_mat_prem_fRank_1_test_13/state_timestep_20000_sp
reading approx state /home/fnrizzi/waveRuns/romAccuracyScenario2/train2//rom_mesh512x2048_nThreads_18_dt_0.1_T_2000_snaps_true_mat_prem_fRank_14_nPod_275_232/fomReconstructedState_timestep_20000_f_13_sp
 sp_fom_minmax    = -0.3882001245748058 0.39643063846874643
 sp_approx_minmax = -0.44315061428898284 0.7308873120533069
 sp_err_minmax    = -0.7308872116346201 0.38292392860314695
 sp_err_abs_rel_ltwo_norms = 18.16641614341148 0.945766584783575
 sp_err_abs_rel_linf_norms = 0.7308872116346201 1.8436698395909714
