reading fom    state /home/fnrizzi/romAccuracyT4/fom_mesh512x2048_nThreads_36_dt_0.1_T_2000.0_snaps_true_seismo_true_mat_prem_fRank_1_test_9/finalFomState_sp_0
reading approx state /home/fnrizzi/romAccuracyT4/rom_mesh512x2048_nThreads_18_dt_0.1_T_2000.0_snaps_true_mat_prem_fRank_14_nPod_369_369/finalFomState_sp_9
 sp_fom_minmax    = -0.42112955016071196 0.43925576279258444
 sp_approx_minmax = -0.42262785844080614 0.441229072704453
 sp_err_minmax    = -0.00506755404971726 0.003999053649872908
 sp_err_abs_rel_ltwo_norms = 0.1454652711410874 0.007287257746244002
 sp_err_abs_rel_linf_norms = 0.00506755404971726 0.011536681994790693
