reading fom    state /home/fnrizzi/romAccuracyT4/fom_mesh512x2048_nThreads_36_dt_0.1_T_2000.0_snaps_true_seismo_true_mat_prem_fRank_1_test_0/finalFomState_sp_0
reading approx state /home/fnrizzi/romAccuracyT4/rom_mesh512x2048_nThreads_18_dt_0.1_T_2000.0_snaps_true_mat_prem_fRank_14_nPod_369_369/finalFomState_sp_0
 sp_fom_minmax    = -0.8303701152900599 0.9035025046754709
 sp_approx_minmax = -0.832761094400393 0.9097507428222653
 sp_err_minmax    = -0.00982689029671107 0.01013677621225393
 sp_err_abs_rel_ltwo_norms = 0.4901849300870303 0.01837425593154501
 sp_err_abs_rel_linf_norms = 0.01013677621225393 0.011219422369941253
