reading fom    state /home/fnrizzi/waveRuns/romAccuracyScenario1/train3/fom_mesh256x1024_nThreads_36_dt_0.1_T_2000_snaps_true_seismo_true_mat_bilayer_fRank_1_test_4/state_timestep_20000_vp
reading approx state /home/fnrizzi/waveRuns/romAccuracyScenario1/train3/rom_mesh256x1024_nThreads_18_dt_0.1_T_2000_snaps_true_mat_bilayer_fRank_1_nPod_2133_2133_test_4/fomReconstructedState_timestep_20000_vp
 vp_fom_minmax    = -3.1207237740661305e-10 3.716253074700303e-10
 vp_approx_minmax = -3.1272876751775316e-10 3.723279472276251e-10
 vp_err_minmax    = -2.416244358903558e-11 2.048664216007298e-11
 vp_err_abs_rel_ltwo_norms = 1.8049139755444734e-10 0.012895918062867747
 vp_err_abs_rel_linf_norms = 2.416244358903558e-11 0.06501829424247206
