reading fom    state /home/fnrizzi/waveRuns/romAccuracyScenario1/train3_v2//fom_mesh256x1024_nThreads_36_dt_0.1_T_2000_snaps_true_seismo_true_mat_bilayer_fRank_1_test_4/state_timestep_20000_sp
reading approx state /home/fnrizzi/waveRuns/romAccuracyScenario1/train3_v2//rom_mesh256x1024_nThreads_18_dt_0.1_T_2000_snaps_true_mat_bilayer_fRank_1_nPod_222_222_test_4/fomReconstructedState_timestep_20000_sp
 sp_fom_minmax    = -0.009470906279489572 0.007348611935646899
 sp_approx_minmax = -0.009521642383382104 0.007238348073677242
 sp_err_minmax    = -0.0054623048807928174 0.005836879167599382
 sp_err_abs_rel_ltwo_norms = 0.026876349488483515 0.0707934177833031
 sp_err_abs_rel_linf_norms = 0.005836879167599382 0.6162957372136467
