reading fom    state /home/fnrizzi/waveRuns/romAccuracyScenario2/train2/fom_mesh512x2048_nThreads_36_dt_0.1_T_2000_snaps_true_seismo_true_mat_prem_fRank_1_test_1/state_timestep_20000_sp
reading approx state /home/fnrizzi/waveRuns/romAccuracyScenario2/train2/rom_mesh512x2048_nThreads_18_dt_0.1_T_2000_snaps_true_mat_prem_fRank_14_nPod_342_342/fomReconstructedState_timestep_20000_f_1_sp
 sp_fom_minmax    = -0.5333560753871908 0.5913344063462482
 sp_approx_minmax = -0.5344462156957654 0.595445536176305
 sp_err_minmax    = -0.01811458459129045 0.021046163017720443
 sp_err_abs_rel_ltwo_norms = 0.743786415376549 0.033580990088232794
 sp_err_abs_rel_linf_norms = 0.021046163017720443 0.035590966451218356
