reading fom    state /home/fnrizzi/waveRuns/romAccuracyScenario2/train2/fom_mesh512x2048_nThreads_36_dt_0.1_T_2000_snaps_true_seismo_true_mat_prem_fRank_1_test_4/state_timestep_20000_vp
reading approx state /home/fnrizzi/waveRuns/romAccuracyScenario2/train2/rom_mesh512x2048_nThreads_18_dt_0.1_T_2000_snaps_true_mat_prem_fRank_14_nPod_342_342/fomReconstructedState_timestep_20000_f_4_vp
 vp_fom_minmax    = -8.389318122707831e-08 7.931851793649922e-08
 vp_approx_minmax = -8.338728660991703e-08 7.918506680047115e-08
 vp_err_minmax    = -1.6009603451853182e-09 2.0454389106160298e-09
 vp_err_abs_rel_ltwo_norms = 4.807484151793328e-08 0.02596565635837557
 vp_err_abs_rel_linf_norms = 2.0454389106160298e-09 0.024381467965549276
