reading fom    state /home/fnrizzi/romAccuracyT4/fom_mesh512x2048_nThreads_36_dt_0.1_T_2000.0_snaps_true_seismo_true_mat_prem_fRank_1_test_6/finalFomState_vp_0
reading approx state /home/fnrizzi/romAccuracyT4/rom_mesh512x2048_nThreads_18_dt_0.1_T_2000.0_snaps_true_mat_prem_fRank_14_nPod_393_393/finalFomState_vp_6
 vp_fom_minmax    = -8.643974753651675e-08 8.230998906129439e-08
 vp_approx_minmax = -8.656102030860078e-08 8.237114217983015e-08
 vp_err_minmax    = -6.455900311291723e-10 7.375037911631023e-10
 vp_err_abs_rel_ltwo_norms = 2.82804898602781e-08 0.014967494880918395
 vp_err_abs_rel_linf_norms = 7.375037911631023e-10 0.00853199844031869
