reading fom    state /home/fnrizzi/waveRuns/romAccuracyScenario1/train3/fom_mesh256x1024_nThreads_36_dt_0.1_T_2000_snaps_true_seismo_true_mat_bilayer_fRank_1_test_12/state_timestep_20000_sp
reading approx state /home/fnrizzi/waveRuns/romAccuracyScenario1/train3/rom_mesh256x1024_nThreads_18_dt_0.1_T_2000_snaps_true_mat_bilayer_fRank_1_nPod_1819_1819_test_12/fomReconstructedState_timestep_20000_sp
 sp_fom_minmax    = -0.009224853803041584 0.008569853232973768
 sp_approx_minmax = -30.201752876582812 13.366752971829603
 sp_err_minmax    = -13.366757211756829 30.201756230843742
 sp_err_abs_rel_ltwo_norms = 50.4257788691136 131.5226165070489
 sp_err_abs_rel_linf_norms = 30.201756230843742 3273.9549997947643
