reading fom    state /home/fnrizzi/waveRuns/romAccuracyScenario1/train3/fom_mesh256x1024_nThreads_36_dt_0.1_T_2000_snaps_true_seismo_true_mat_bilayer_fRank_1_test_2/state_timestep_20000_sp
reading approx state /home/fnrizzi/waveRuns/romAccuracyScenario1/train3/rom_mesh256x1024_nThreads_18_dt_0.1_T_2000_snaps_true_mat_bilayer_fRank_1_nPod_204_204_test_2/fomReconstructedState_timestep_20000_sp
 sp_fom_minmax    = -0.009246964340683369 0.006796716908885803
 sp_approx_minmax = -0.009352427629213893 0.006761570617768185
 sp_err_minmax    = -0.005098953796028996 0.004719232221415235
 sp_err_abs_rel_ltwo_norms = 0.026545334464621873 0.07028870640525499
 sp_err_abs_rel_linf_norms = 0.005098953796028996 0.5514192126377524
