reading fom    state /home/fnrizzi/waveRuns/romAccuracyScenario1/train3_v2//fom_mesh256x1024_nThreads_36_dt_0.1_T_2000_snaps_true_seismo_true_mat_bilayer_fRank_1_test_2/state_timestep_20000_sp
reading approx state /home/fnrizzi/waveRuns/romAccuracyScenario1/train3_v2//rom_mesh256x1024_nThreads_18_dt_0.1_T_2000_snaps_true_mat_bilayer_fRank_1_nPod_1914_1914_test_2/fomReconstructedState_timestep_20000_sp
 sp_fom_minmax    = -0.0085811839429736 0.006066039159128929
 sp_approx_minmax = -0.00978411233907536 0.023747553485863854
 sp_err_minmax    = -0.023757677684390126 0.009769844955377542
 sp_err_abs_rel_ltwo_norms = 0.042683736491638584 0.11421457259317058
 sp_err_abs_rel_linf_norms = 0.023757677684390126 2.7685780706103222
