reading fom    state /home/fnrizzi/waveRuns/romAccuracyScenario1/train3_v2//fom_mesh256x1024_nThreads_36_dt_0.1_T_2000_snaps_true_seismo_true_mat_bilayer_fRank_1_test_7/state_timestep_20000_vp
reading approx state /home/fnrizzi/waveRuns/romAccuracyScenario1/train3_v2//rom_mesh256x1024_nThreads_18_dt_0.1_T_2000_snaps_true_mat_bilayer_fRank_1_nPod_2329_2329_test_7/fomReconstructedState_timestep_20000_vp
 vp_fom_minmax    = -3.0716946780546993e-10 3.71225311503799e-10
 vp_approx_minmax = -3.0763984990080237e-10 3.7152805588835086e-10
 vp_err_minmax    = -2.605903606380355e-11 1.7768286705965452e-11
 vp_err_abs_rel_ltwo_norms = 3.769709836319487e-10 0.026986232459123034
 vp_err_abs_rel_linf_norms = 2.605903606380355e-11 0.07019735792864132
