reading fom    state /home/fnrizzi/waveRuns/romAccuracyScenario1/train3_v2//fom_mesh256x1024_nThreads_36_dt_0.1_T_2000_snaps_true_seismo_true_mat_bilayer_fRank_1_test_7/state_timestep_20000_sp
reading approx state /home/fnrizzi/waveRuns/romAccuracyScenario1/train3_v2//rom_mesh256x1024_nThreads_18_dt_0.1_T_2000_snaps_true_mat_bilayer_fRank_1_nPod_2329_2329_test_7/fomReconstructedState_timestep_20000_sp
 sp_fom_minmax    = -0.009497401743999287 0.007676364185175282
 sp_approx_minmax = -0.009582194703100568 0.007731665675026963
 sp_err_minmax    = -0.0005515790978079034 0.0009060213977708769
 sp_err_abs_rel_ltwo_norms = 0.010712336725181583 0.028137745802192842
 sp_err_abs_rel_linf_norms = 0.0009060213977708769 0.09539676452492131
