reading fom    state /home/fnrizzi/waveRuns/romAccuracyScenario1/train3_v2//fom_mesh256x1024_nThreads_36_dt_0.1_T_2000_snaps_true_seismo_true_mat_bilayer_fRank_1_test_6/state_timestep_20000_vp
reading approx state /home/fnrizzi/waveRuns/romAccuracyScenario1/train3_v2//rom_mesh256x1024_nThreads_18_dt_0.1_T_2000_snaps_true_mat_bilayer_fRank_1_nPod_1914_1914_test_6/fomReconstructedState_timestep_20000_vp
 vp_fom_minmax    = -2.9530628690412415e-10 3.686647024980612e-10
 vp_approx_minmax = -2.957515793588912e-10 3.6860304790129176e-10
 vp_err_minmax    = -3.29810724162268e-11 4.4597870936094965e-11
 vp_err_abs_rel_ltwo_norms = 4.097813592215133e-10 0.029476095698508568
 vp_err_abs_rel_linf_norms = 4.4597870936094965e-11 0.12097136133158694
