reading fom    state /home/fnrizzi/waveRuns/romAccuracyScenario1/train3_v2//fom_mesh256x1024_nThreads_36_dt_0.1_T_2000_snaps_true_seismo_true_mat_bilayer_fRank_1_test_6/state_timestep_20000_sp
reading approx state /home/fnrizzi/waveRuns/romAccuracyScenario1/train3_v2//rom_mesh256x1024_nThreads_18_dt_0.1_T_2000_snaps_true_mat_bilayer_fRank_1_nPod_222_222_test_6/fomReconstructedState_timestep_20000_sp
 sp_fom_minmax    = -0.00948057775187075 0.007412992481106251
 sp_approx_minmax = -0.009543355578959481 0.007299413221218824
 sp_err_minmax    = -0.00288319534554348 0.005866701515890828
 sp_err_abs_rel_ltwo_norms = 0.02540850734996429 0.06688412168049654
 sp_err_abs_rel_linf_norms = 0.005866701515890828 0.6188126577763875
