reading fom    state /home/fnrizzi/waveRuns/romAccuracyScenario1/train3/fom_mesh256x1024_nThreads_36_dt_0.1_T_2000_snaps_true_seismo_true_mat_bilayer_fRank_1_test_11/state_timestep_20000_vp
reading approx state /home/fnrizzi/waveRuns/romAccuracyScenario1/train3/rom_mesh256x1024_nThreads_18_dt_0.1_T_2000_snaps_true_mat_bilayer_fRank_1_nPod_2255_2255_test_11/fomReconstructedState_timestep_20000_vp
 vp_fom_minmax    = -2.3192295436893545e-10 3.1914482917700973e-10
 vp_approx_minmax = -2.3161254802245249e-10 3.122795890441131e-10
 vp_err_minmax    = -1.9882691756483685e-11 2.7481390200070795e-11
 vp_err_abs_rel_ltwo_norms = 8.069880336658003e-10 0.06004506741745297
 vp_err_abs_rel_linf_norms = 2.7481390200070795e-11 0.08610946406663722
