reading fom    state /home/fnrizzi/waveRuns/romAccuracyScenario1/train3/fom_mesh256x1024_nThreads_36_dt_0.1_T_2000_snaps_true_seismo_true_mat_bilayer_fRank_1_test_11/state_timestep_20000_sp
reading approx state /home/fnrizzi/waveRuns/romAccuracyScenario1/train3/rom_mesh256x1024_nThreads_18_dt_0.1_T_2000_snaps_true_mat_bilayer_fRank_1_nPod_2255_2255_test_11/fomReconstructedState_timestep_20000_sp
 sp_fom_minmax    = -0.008464924751326737 0.005973911114910488
 sp_approx_minmax = -0.008454631782878934 0.006140127823623061
 sp_err_minmax    = -0.000828320037315863 0.0004579948355516207
 sp_err_abs_rel_ltwo_norms = 0.021099966793778922 0.05655605522962182
 sp_err_abs_rel_linf_norms = 0.000828320037315863 0.09785320739986939
