reading fom    state /home/fnrizzi/waveRuns/romAccuracyScenario1/train3_v2//fom_mesh256x1024_nThreads_36_dt_0.1_T_2000_snaps_true_seismo_true_mat_bilayer_fRank_1_test_9/state_timestep_20000_sp
reading approx state /home/fnrizzi/waveRuns/romAccuracyScenario1/train3_v2//rom_mesh256x1024_nThreads_18_dt_0.1_T_2000_snaps_true_mat_bilayer_fRank_1_nPod_222_222_test_9/fomReconstructedState_timestep_20000_sp
 sp_fom_minmax    = -0.008091522011671912 0.0057444553018969734
 sp_approx_minmax = -0.008115514766867792 0.005730743765368597
 sp_err_minmax    = -0.004800569955759162 0.0049923399527691
 sp_err_abs_rel_ltwo_norms = 0.024186052724653684 0.06514819325400685
 sp_err_abs_rel_linf_norms = 0.0049923399527691 0.6169840415150223
