reading fom    state /home/fnrizzi/waveRuns/romAccuracyScenario1/train3_v2//fom_mesh256x1024_nThreads_36_dt_0.1_T_2000_snaps_true_seismo_true_mat_bilayer_fRank_1_test_9/state_timestep_20000_vp
reading approx state /home/fnrizzi/waveRuns/romAccuracyScenario1/train3_v2//rom_mesh256x1024_nThreads_18_dt_0.1_T_2000_snaps_true_mat_bilayer_fRank_1_nPod_222_222_test_9/fomReconstructedState_timestep_20000_vp
 vp_fom_minmax    = -2.2241950298866584e-10 3.204729129877815e-10
 vp_approx_minmax = -3.268191065500574e-10 3.5148572295649034e-10
 vp_err_minmax    = -3.525501623734903e-10 3.2728058694841044e-10
 vp_err_abs_rel_ltwo_norms = 1.183182440431987e-09 0.08874778990009655
 vp_err_abs_rel_linf_norms = 3.525501623734903e-10 1.100093480870665
