reading fom    state /home/fnrizzi/waveRuns/romAccuracyScenario1/train3_v2//fom_mesh256x1024_nThreads_36_dt_0.1_T_2000_snaps_true_seismo_true_mat_bilayer_fRank_1_test_5/state_timestep_20000_sp
reading approx state /home/fnrizzi/waveRuns/romAccuracyScenario1/train3_v2//rom_mesh256x1024_nThreads_18_dt_0.1_T_2000_snaps_true_mat_bilayer_fRank_1_nPod_2227_2227_test_5/fomReconstructedState_timestep_20000_sp
 sp_fom_minmax    = -0.009473877919240956 0.008082417909518549
 sp_approx_minmax = -0.010766053205197221 0.008164512337301727
 sp_err_minmax    = -0.00453553609977528 0.01076165578933758
 sp_err_abs_rel_ltwo_norms = 0.02171077203408286 0.056858516137732386
 sp_err_abs_rel_linf_norms = 0.01076165578933758 1.1359293291589934
