reading fom    state /home/fnrizzi/waveRuns/romAccuracyScenario1/train3/fom_mesh256x1024_nThreads_36_dt_0.1_T_2000_snaps_true_seismo_true_mat_bilayer_fRank_1_test_13/state_timestep_20000_vp
reading approx state /home/fnrizzi/waveRuns/romAccuracyScenario1/train3/rom_mesh256x1024_nThreads_18_dt_0.1_T_2000_snaps_true_mat_bilayer_fRank_1_nPod_2255_2255_test_13/fomReconstructedState_timestep_20000_vp
 vp_fom_minmax    = -2.5007619759604187e-10 3.4131847806780713e-10
 vp_approx_minmax = -2.500614224012814e-10 3.413009202332165e-10
 vp_err_minmax    = -8.89057086462138e-13 2.5724407145686267e-12
 vp_err_abs_rel_ltwo_norms = 1.2803722797074914e-11 0.0009412195131093549
 vp_err_abs_rel_linf_norms = 2.5724407145686267e-12 0.007536775416119076
