reading fom    state /home/fnrizzi/waveRuns/romAccuracyScenario1/train3/fom_mesh256x1024_nThreads_36_dt_0.1_T_2000_snaps_true_seismo_true_mat_bilayer_fRank_1_test_13/state_timestep_20000_sp
reading approx state /home/fnrizzi/waveRuns/romAccuracyScenario1/train3/rom_mesh256x1024_nThreads_18_dt_0.1_T_2000_snaps_true_mat_bilayer_fRank_1_nPod_2255_2255_test_13/fomReconstructedState_timestep_20000_sp
 sp_fom_minmax    = -0.008938410068311729 0.006394079050391816
 sp_approx_minmax = -0.008939899251479838 0.006393520528291258
 sp_err_minmax    = -0.0003802025134257649 0.00022681689460486652
 sp_err_abs_rel_ltwo_norms = 0.0010497781099252882 0.0027941149595289024
 sp_err_abs_rel_linf_norms = 0.0003802025134257649 0.04253581011836224
