reading fom    state /home/fnrizzi/waveRuns/romAccuracyScenario1/train3_v2//fom_mesh256x1024_nThreads_36_dt_0.1_T_2000_snaps_true_seismo_true_mat_bilayer_fRank_1_test_13/state_timestep_20000_sp
reading approx state /home/fnrizzi/waveRuns/romAccuracyScenario1/train3_v2//rom_mesh256x1024_nThreads_18_dt_0.1_T_2000_snaps_true_mat_bilayer_fRank_1_nPod_222_222_test_13/fomReconstructedState_timestep_20000_sp
 sp_fom_minmax    = -0.007890712083200184 0.00563839536579213
 sp_approx_minmax = -0.007984290961861496 0.005631074233548047
 sp_err_minmax    = -0.0032427197565114683 0.005268114113591292
 sp_err_abs_rel_ltwo_norms = 0.02480264038503431 0.06699213745295796
 sp_err_abs_rel_linf_norms = 0.005268114113591292 0.6676348164834748
