reading fom    state /home/fnrizzi/romAccuracyT4/fom_mesh512x2048_nThreads_36_dt_0.1_T_2000.0_snaps_true_seismo_true_mat_prem_fRank_1_test_6/finalFomState_vp_0
reading approx state /home/fnrizzi/romAccuracyT4/rom_mesh512x2048_nThreads_18_dt_0.1_T_2000.0_snaps_true_mat_prem_fRank_14_nPod_369_369/finalFomState_vp_6
 vp_fom_minmax    = -8.643974753651675e-08 8.230998906129439e-08
 vp_approx_minmax = -8.611293502552685e-08 8.243368438279265e-08
 vp_err_minmax    = -1.2589788700334889e-09 1.181978207384657e-09
 vp_err_abs_rel_ltwo_norms = 5.233970764312992e-08 0.027700874705061027
 vp_err_abs_rel_linf_norms = 1.2589788700334889e-09 0.014564814288723242
