reading fom    state /home/fnrizzi/romAccuracyT4/fom_mesh512x2048_nThreads_36_dt_0.1_T_2000.0_snaps_true_seismo_true_mat_prem_fRank_1_test_8/finalFomState_sp_0
reading approx state /home/fnrizzi/romAccuracyT4/rom_mesh512x2048_nThreads_18_dt_0.1_T_2000.0_snaps_true_mat_prem_fRank_14_nPod_311_311/finalFomState_sp_8
 sp_fom_minmax    = -1.5470657008854076 1.472142316594941
 sp_approx_minmax = -1.5460582278228978 1.4847936383641573
 sp_err_minmax    = -0.32099584358919736 0.4109117252912805
 sp_err_abs_rel_ltwo_norms = 5.506602587528623 0.14350793812756835
 sp_err_abs_rel_linf_norms = 0.4109117252912805 0.265607158801407
