reading fom    state /home/fnrizzi/waveRuns/romAccuracyScenario1/train3/fom_mesh256x1024_nThreads_36_dt_0.1_T_2000_snaps_true_seismo_true_mat_bilayer_fRank_1_test_11/state_timestep_20000_vp
reading approx state /home/fnrizzi/waveRuns/romAccuracyScenario1/train3/rom_mesh256x1024_nThreads_18_dt_0.1_T_2000_snaps_true_mat_bilayer_fRank_1_nPod_2133_2133_test_11/fomReconstructedState_timestep_20000_vp
 vp_fom_minmax    = -2.3192295436893545e-10 3.1914482917700973e-10
 vp_approx_minmax = -2.3596013610120793e-10 3.1204468910380124e-10
 vp_err_minmax    = -1.9422451789104777e-11 4.070195375152685e-11
 vp_err_abs_rel_ltwo_norms = 8.264626989052383e-10 0.06149410697993878
 vp_err_abs_rel_linf_norms = 4.070195375152685e-11 0.12753442960829553
