reading fom    state /home/fnrizzi/waveRuns/romAccuracyScenario1/train3_v2//fom_mesh256x1024_nThreads_36_dt_0.1_T_2000_snaps_true_seismo_true_mat_bilayer_fRank_1_test_12/state_timestep_20000_vp
reading approx state /home/fnrizzi/waveRuns/romAccuracyScenario1/train3_v2//rom_mesh256x1024_nThreads_18_dt_0.1_T_2000_snaps_true_mat_bilayer_fRank_1_nPod_117_117_test_12/fomReconstructedState_timestep_20000_vp
 vp_fom_minmax    = -3.483618281468883e-10 3.6712963356963777e-10
 vp_approx_minmax = -3.2272963477257683e-10 3.7427592333611453e-10
 vp_err_minmax    = -1.0783477843361826e-10 2.826941928044622e-10
 vp_err_abs_rel_ltwo_norms = 4.063222029340376e-09 0.28595762663466834
 vp_err_abs_rel_linf_norms = 2.826941928044622e-10 0.7700119166513436
