reading fom    state /home/fnrizzi/waveRuns/romAccuracyScenario1/train3/fom_mesh256x1024_nThreads_36_dt_0.1_T_2000_snaps_true_seismo_true_mat_bilayer_fRank_1_test_5/state_timestep_20000_vp
reading approx state /home/fnrizzi/waveRuns/romAccuracyScenario1/train3/rom_mesh256x1024_nThreads_18_dt_0.1_T_2000_snaps_true_mat_bilayer_fRank_1_nPod_104_104_test_5/fomReconstructedState_timestep_20000_vp
 vp_fom_minmax    = -3.335238199830344e-10 3.7148689687324867e-10
 vp_approx_minmax = -3.245000004635052e-10 3.8177879536637464e-10
 vp_err_minmax    = -3.810900233515881e-10 1.274858520633366e-10
 vp_err_abs_rel_ltwo_norms = 3.782896354723879e-09 0.2680134276940527
 vp_err_abs_rel_linf_norms = 3.810900233515881e-10 1.0258505119808197
