reading fom    state /home/fnrizzi/waveRuns/romAccuracyScenario1/train3/fom_mesh256x1024_nThreads_36_dt_0.1_T_2000_snaps_true_seismo_true_mat_bilayer_fRank_1_test_9/state_timestep_20000_vp
reading approx state /home/fnrizzi/waveRuns/romAccuracyScenario1/train3/rom_mesh256x1024_nThreads_18_dt_0.1_T_2000_snaps_true_mat_bilayer_fRank_1_nPod_104_104_test_9/fomReconstructedState_timestep_20000_vp
 vp_fom_minmax    = -2.5493725350146407e-10 3.447657973496755e-10
 vp_approx_minmax = -2.2447799844056863e-10 4.073755701310187e-10
 vp_err_minmax    = -4.0721422490612083e-10 1.5968665306630767e-10
 vp_err_abs_rel_ltwo_norms = 3.596218446300269e-09 0.26363405750699165
 vp_err_abs_rel_linf_norms = 4.0721422490612083e-10 1.1811328966982986
