reading fom    state /home/fnrizzi/romAccuracyT4/fom_mesh512x2048_nThreads_36_dt_0.1_T_2000.0_snaps_true_seismo_true_mat_prem_fRank_1_test_2/finalFomState_vp_0
reading approx state /home/fnrizzi/romAccuracyT4/rom_mesh512x2048_nThreads_18_dt_0.1_T_2000.0_snaps_true_mat_prem_fRank_14_nPod_342_342/finalFomState_vp_2
 vp_fom_minmax    = -4.792533511328501e-08 3.748258399512784e-08
 vp_approx_minmax = -4.802454115859179e-08 3.775359744313738e-08
 vp_err_minmax    = -1.0276557862983326e-09 2.0747145842517355e-09
 vp_err_abs_rel_ltwo_norms = 5.6100074145697585e-08 0.04356221930690582
 vp_err_abs_rel_linf_norms = 2.0747145842517355e-09 0.04329055977068421
