reading fom    state /home/fnrizzi/romAccuracyT4/fom_mesh512x2048_nThreads_36_dt_0.1_T_2000.0_snaps_true_seismo_true_mat_prem_fRank_1_test_0/finalFomState_vp_0
reading approx state /home/fnrizzi/romAccuracyT4/rom_mesh512x2048_nThreads_18_dt_0.1_T_2000.0_snaps_true_mat_prem_fRank_14_nPod_342_342/finalFomState_vp_0
 vp_fom_minmax    = -6.211123254338066e-08 5.62863979675722e-08
 vp_approx_minmax = -6.259232328884036e-08 5.6241668444424465e-08
 vp_err_minmax    = -1.4540186726629148e-09 2.10352302763544e-09
 vp_err_abs_rel_ltwo_norms = 6.990210111356792e-08 0.04478449472239175
 vp_err_abs_rel_linf_norms = 2.10352302763544e-09 0.03386703083321146
