reading fom    state /home/fnrizzi/romAccuracyT4/fom_mesh512x2048_nThreads_36_dt_0.1_T_2000.0_snaps_true_seismo_true_mat_prem_fRank_1_test_2/finalFomState_sp_0
reading approx state /home/fnrizzi/romAccuracyT4/rom_mesh512x2048_nThreads_18_dt_0.1_T_2000.0_snaps_true_mat_prem_fRank_14_nPod_342_342/finalFomState_sp_2
 sp_fom_minmax    = -0.5323036033585555 0.5901295879730385
 sp_approx_minmax = -0.5332902751872609 0.5940848444868738
 sp_err_minmax    = -0.018114823392485158 0.02102494560041318
 sp_err_abs_rel_ltwo_norms = 0.7447455312577147 0.0336502597372391
 sp_err_abs_rel_linf_norms = 0.02102494560041318 0.035627675732425326
