reading fom    state /home/fnrizzi/waveRuns/romAccuracyScenario1/train3/fom_mesh256x1024_nThreads_36_dt_0.1_T_2000_snaps_true_seismo_true_mat_bilayer_fRank_1_test_2/state_timestep_20000_sp
reading approx state /home/fnrizzi/waveRuns/romAccuracyScenario1/train3/rom_mesh256x1024_nThreads_18_dt_0.1_T_2000_snaps_true_mat_bilayer_fRank_1_nPod_1819_1819_test_2/fomReconstructedState_timestep_20000_sp
 sp_fom_minmax    = -0.009246964340683369 0.006796716908885803
 sp_approx_minmax = -4.788167894080039 10.692735045137496
 sp_err_minmax    = -10.692738213638815 4.788148810952411
 sp_err_abs_rel_ltwo_norms = 17.258624436215896 45.69866646707623
 sp_err_abs_rel_linf_norms = 10.692738213638815 1156.351189394616
