reading fom    state /home/fnrizzi/waveRuns/romAccuracyScenario1/train3/fom_mesh256x1024_nThreads_36_dt_0.1_T_2000_snaps_true_seismo_true_mat_bilayer_fRank_1_test_2/state_timestep_20000_vp
reading approx state /home/fnrizzi/waveRuns/romAccuracyScenario1/train3/rom_mesh256x1024_nThreads_18_dt_0.1_T_2000_snaps_true_mat_bilayer_fRank_1_nPod_1819_1819_test_2/fomReconstructedState_timestep_20000_vp
 vp_fom_minmax    = -2.6781294098337526e-10 3.5554227693485403e-10
 vp_approx_minmax = -1.1121796365152548e-08 1.3899532733909899e-08
 vp_err_minmax    = -1.3899200086994466e-08 1.1121371558421312e-08
 vp_err_abs_rel_ltwo_norms = 9.333794413129717e-08 6.795493390281861
 vp_err_abs_rel_linf_norms = 1.3899200086994466e-08 39.09296021508355
