reading fom    state /home/fnrizzi/waveRuns/romAccuracyScenario2/train2//fom_mesh512x2048_nThreads_36_dt_0.1_T_2000_snaps_true_seismo_true_mat_prem_fRank_1_test_1/state_timestep_20000_sp
reading approx state /home/fnrizzi/waveRuns/romAccuracyScenario2/train2//rom_mesh512x2048_nThreads_18_dt_0.1_T_2000_snaps_true_mat_prem_fRank_14_nPod_393_393/fomReconstructedState_timestep_20000_f_1_sp
 sp_fom_minmax    = -0.5333560753871908 0.5913344063462482
 sp_approx_minmax = -0.5343710041258585 0.5954930454479276
 sp_err_minmax    = -0.006488151277282403 0.00671141151328758
 sp_err_abs_rel_ltwo_norms = 0.20025188655574402 0.009041112446472871
 sp_err_abs_rel_linf_norms = 0.00671141151328758 0.011349604286948593
