reading fom    state /home/fnrizzi/waveRuns/romAccuracyScenario2/train2/fom_mesh512x2048_nThreads_36_dt_0.1_T_2000_snaps_true_seismo_true_mat_prem_fRank_1_test_3/state_timestep_20000_vp
reading approx state /home/fnrizzi/waveRuns/romAccuracyScenario2/train2/rom_mesh512x2048_nThreads_18_dt_0.1_T_2000_snaps_true_mat_prem_fRank_14_nPod_393_393/fomReconstructedState_timestep_20000_f_3_vp
 vp_fom_minmax    = -4.0715528577268895e-08 3.066340105088159e-08
 vp_approx_minmax = -4.075484990376696e-08 3.071375342765731e-08
 vp_err_minmax    = -1.9194373765257286e-10 1.6436996738379708e-10
 vp_err_abs_rel_ltwo_norms = 5.1431155130181235e-09 0.004549611247981915
 vp_err_abs_rel_linf_norms = 1.9194373765257286e-10 0.004714263681688595
