reading fom    state /home/fnrizzi/waveRuns/romAccuracyScenario2/train2//fom_mesh512x2048_nThreads_36_dt_0.1_T_2000_snaps_true_seismo_true_mat_prem_fRank_1_test_3/state_timestep_20000_sp
reading approx state /home/fnrizzi/waveRuns/romAccuracyScenario2/train2//rom_mesh512x2048_nThreads_18_dt_0.1_T_2000_snaps_true_mat_prem_fRank_14_nPod_393_393/fomReconstructedState_timestep_20000_f_3_sp
 sp_fom_minmax    = -0.4049200801282478 0.4145446855028664
 sp_approx_minmax = -0.4056369319585954 0.4157529399376311
 sp_err_minmax    = -0.0026092891179737288 0.002271291900116046
 sp_err_abs_rel_ltwo_norms = 0.07707605328173658 0.003933452584386652
 sp_err_abs_rel_linf_norms = 0.0026092891179737288 0.006294349461526716
