reading fom    state /home/fnrizzi/waveRuns/romAccuracyScenario2/train2//fom_mesh512x2048_nThreads_36_dt_0.1_T_2000_snaps_true_seismo_true_mat_prem_fRank_1_test_8/state_timestep_20000_vp
reading approx state /home/fnrizzi/waveRuns/romAccuracyScenario2/train2//rom_mesh512x2048_nThreads_18_dt_0.1_T_2000_snaps_true_mat_prem_fRank_14_nPod_393_393/fomReconstructedState_timestep_20000_f_8_vp
 vp_fom_minmax    = -1.0545110907453144e-07 1.0641232331090344e-07
 vp_approx_minmax = -1.0550764048579188e-07 1.0633697157323783e-07
 vp_err_minmax    = -6.415294236870158e-10 7.401368231679603e-10
 vp_err_abs_rel_ltwo_norms = 2.60521359539441e-08 0.01166557073752482
 vp_err_abs_rel_linf_norms = 7.401368231679603e-10 0.006955367575290247
