reading fom    state /home/fnrizzi/waveRuns/romAccuracyScenario2/train2//fom_mesh512x2048_nThreads_36_dt_0.1_T_2000_snaps_true_seismo_true_mat_prem_fRank_1_test_11/state_timestep_20000_vp
reading approx state /home/fnrizzi/waveRuns/romAccuracyScenario2/train2//rom_mesh512x2048_nThreads_18_dt_0.1_T_2000_snaps_true_mat_prem_fRank_14_nPod_393_393/fomReconstructedState_timestep_20000_f_11_vp
 vp_fom_minmax    = -3.53420896070475e-08 2.7250806865745653e-08
 vp_approx_minmax = -3.5116920707190213e-08 2.7339816739606855e-08
 vp_err_minmax    = -4.3781739936070167e-10 5.177470371780996e-10
 vp_err_abs_rel_ltwo_norms = 2.0434037715149505e-08 0.020253349504383986
 vp_err_abs_rel_linf_norms = 5.177470371780996e-10 0.014649587586209297
