reading fom    state /home/fnrizzi/waveRuns/romAccuracyScenario2/train2//fom_mesh512x2048_nThreads_36_dt_0.1_T_2000_snaps_true_seismo_true_mat_prem_fRank_1_test_12/state_timestep_20000_sp
reading approx state /home/fnrizzi/waveRuns/romAccuracyScenario2/train2//rom_mesh512x2048_nThreads_18_dt_0.1_T_2000_snaps_true_mat_prem_fRank_14_nPod_393_393/fomReconstructedState_timestep_20000_f_12_sp
 sp_fom_minmax    = -1.9181854392302928 1.7386659448612778
 sp_approx_minmax = -1.9180905743286574 1.7390479161349732
 sp_err_minmax    = -0.04062146868819313 0.026413232242014674
 sp_err_abs_rel_ltwo_norms = 0.36025669549426 0.007459057908993729
 sp_err_abs_rel_linf_norms = 0.04062146868819313 0.021177029007421327
