reading fom    state /home/fnrizzi/waveRuns/romAccuracyScenario2/train2//fom_mesh512x2048_nThreads_36_dt_0.1_T_2000_snaps_true_seismo_true_mat_prem_fRank_1_test_11/state_timestep_20000_sp
reading approx state /home/fnrizzi/waveRuns/romAccuracyScenario2/train2//rom_mesh512x2048_nThreads_18_dt_0.1_T_2000_snaps_true_mat_prem_fRank_14_nPod_393_393/fomReconstructedState_timestep_20000_f_11_sp
 sp_fom_minmax    = -0.3438349054478519 0.37960949010065237
 sp_approx_minmax = -0.34414810615339025 0.3775259818752582
 sp_err_minmax    = -0.010689729901147194 0.005793432450468566
 sp_err_abs_rel_ltwo_norms = 0.3034364200922885 0.017188455172165294
 sp_err_abs_rel_linf_norms = 0.010689729901147194 0.028159806801228395
