reading fom    state /home/fnrizzi/waveRuns/romAccuracyScenario2/train2//fom_mesh512x2048_nThreads_36_dt_0.1_T_2000_snaps_true_seismo_true_mat_prem_fRank_1_test_10/state_timestep_20000_sp
reading approx state /home/fnrizzi/waveRuns/romAccuracyScenario2/train2//rom_mesh512x2048_nThreads_18_dt_0.1_T_2000_snaps_true_mat_prem_fRank_14_nPod_393_393/fomReconstructedState_timestep_20000_f_10_sp
 sp_fom_minmax    = -2.0760992946412564 1.8039889154082287
 sp_approx_minmax = -2.0779168104752466 1.8002732831278954
 sp_err_minmax    = -0.5050219938503756 0.34069672889131586
 sp_err_abs_rel_ltwo_norms = 4.48848079664756 0.07724530409282716
 sp_err_abs_rel_linf_norms = 0.5050219938503756 0.24325522153681087
