reading fom    state /home/fnrizzi/waveRuns/romAccuracyScenario2/train2//fom_mesh512x2048_nThreads_36_dt_0.1_T_2000_snaps_true_seismo_true_mat_prem_fRank_1_test_2/state_timestep_20000_sp
reading approx state /home/fnrizzi/waveRuns/romAccuracyScenario2/train2//rom_mesh512x2048_nThreads_18_dt_0.1_T_2000_snaps_true_mat_prem_fRank_14_nPod_393_393/fomReconstructedState_timestep_20000_f_2_sp
 sp_fom_minmax    = -0.5323036033585555 0.5901295879730385
 sp_approx_minmax = -0.5333209615245234 0.5942842265968721
 sp_err_minmax    = -0.00647917613359867 0.0067221904933210674
 sp_err_abs_rel_ltwo_norms = 0.19989404055133936 0.009031925808429073
 sp_err_abs_rel_linf_norms = 0.0067221904933210674 0.011391041273511246
