reading fom    state /home/fnrizzi/waveRuns/romAccuracyScenario2/train2//fom_mesh512x2048_nThreads_36_dt_0.1_T_2000_snaps_true_seismo_true_mat_prem_fRank_1_test_6/state_timestep_20000_sp
reading approx state /home/fnrizzi/waveRuns/romAccuracyScenario2/train2//rom_mesh512x2048_nThreads_18_dt_0.1_T_2000_snaps_true_mat_prem_fRank_14_nPod_393_393/fomReconstructedState_timestep_20000_f_6_sp
 sp_fom_minmax    = -1.2055459987463144 1.2320072712135786
 sp_approx_minmax = -1.2042084142065554 1.22669753684316
 sp_err_minmax    = -0.015515892294804046 0.008473887533130775
 sp_err_abs_rel_ltwo_norms = 0.3780101328097532 0.011686632379047157
 sp_err_abs_rel_linf_norms = 0.015515892294804046 0.012593994091869478
