reading fom    state /home/fnrizzi/waveRuns/romAccuracyScenario2/train2//fom_mesh512x2048_nThreads_36_dt_0.1_T_2000_snaps_true_seismo_true_mat_prem_fRank_1_test_2/state_timestep_20000_vp
reading approx state /home/fnrizzi/waveRuns/romAccuracyScenario2/train2//rom_mesh512x2048_nThreads_18_dt_0.1_T_2000_snaps_true_mat_prem_fRank_14_nPod_393_393/fomReconstructedState_timestep_20000_f_2_vp
 vp_fom_minmax    = -4.792533511328501e-08 3.748258399512784e-08
 vp_approx_minmax = -4.785508202471025e-08 3.7603979727291506e-08
 vp_err_minmax    = -3.92704292099302e-10 3.502915849286564e-10
 vp_err_abs_rel_ltwo_norms = 1.521655329684479e-08 0.011815792437115879
 vp_err_abs_rel_linf_norms = 3.92704292099302e-10 0.008194085470055347
