reading fom    state /home/fnrizzi/waveRuns/romAccuracyScenario1/train3/fom_mesh256x1024_nThreads_36_dt_0.1_T_2000_snaps_true_seismo_true_mat_bilayer_fRank_1_test_0/state_timestep_20000_sp
reading approx state /home/fnrizzi/waveRuns/romAccuracyScenario1/train3/rom_mesh256x1024_nThreads_18_dt_0.1_T_2000_snaps_true_mat_bilayer_fRank_1_nPod_1050_1050_test_0/fomReconstructedState_timestep_20000_sp
 sp_fom_minmax    = -0.009471013545517354 0.00734761459950312
 sp_approx_minmax = -0.009455087696841892 0.007363052748025579
 sp_err_minmax    = -0.002952993086874179 0.001833625189708243
 sp_err_abs_rel_ltwo_norms = 0.01030915129550702 0.02715497973733618
 sp_err_abs_rel_linf_norms = 0.002952993086874179 0.3117927213050852
