reading fom    state /home/fnrizzi/waveRuns/romAccuracyScenario1/train3/fom_mesh256x1024_nThreads_36_dt_0.1_T_2000_snaps_true_seismo_true_mat_bilayer_fRank_1_test_3/state_timestep_20000_vp
reading approx state /home/fnrizzi/waveRuns/romAccuracyScenario1/train3/rom_mesh256x1024_nThreads_18_dt_0.1_T_2000_snaps_true_mat_bilayer_fRank_1_nPod_2255_2255_test_3/fomReconstructedState_timestep_20000_vp
 vp_fom_minmax    = -2.5237124345143444e-10 3.4328387696801826e-10
 vp_approx_minmax = -2.5293713302245886e-10 3.4367408562485075e-10
 vp_err_minmax    = -2.1233891005141063e-12 3.0022926467793933e-12
 vp_err_abs_rel_ltwo_norms = 6.840519646765361e-11 0.0050213048545659405
 vp_err_abs_rel_linf_norms = 3.0022926467793933e-12 0.008745801501942077
