reading fom    state /home/fnrizzi/waveRuns/romAccuracyScenario1/train3/fom_mesh256x1024_nThreads_36_dt_0.1_T_2000_snaps_true_seismo_true_mat_bilayer_fRank_1_test_3/state_timestep_20000_sp
reading approx state /home/fnrizzi/waveRuns/romAccuracyScenario1/train3/rom_mesh256x1024_nThreads_18_dt_0.1_T_2000_snaps_true_mat_bilayer_fRank_1_nPod_2255_2255_test_3/fomReconstructedState_timestep_20000_sp
 sp_fom_minmax    = -0.009013667470569989 0.006445282925537698
 sp_approx_minmax = -0.009020211811862702 0.006440739788221455
 sp_err_minmax    = -0.0004012968211414067 0.00020424843247766265
 sp_err_abs_rel_ltwo_norms = 0.0020185420263232746 0.005368297624648765
 sp_err_abs_rel_linf_norms = 0.0004012968211414067 0.044520925855281224
