reading fom    state /home/fnrizzi/waveRuns/romAccuracyScenario2/train2/fom_mesh512x2048_nThreads_36_dt_0.1_T_2000_snaps_true_seismo_true_mat_prem_fRank_1_test_9/state_timestep_20000_sp
reading approx state /home/fnrizzi/waveRuns/romAccuracyScenario2/train2/rom_mesh512x2048_nThreads_18_dt_0.1_T_2000_snaps_true_mat_prem_fRank_14_nPod_393_393/fomReconstructedState_timestep_20000_f_9_sp
 sp_fom_minmax    = -0.42112955016071196 0.43925576279258444
 sp_approx_minmax = -0.4216709529427722 0.44117568787307426
 sp_err_minmax    = -0.0035109167469420943 0.0037228728769978514
 sp_err_abs_rel_ltwo_norms = 0.09858755108121643 0.004938861967974538
 sp_err_abs_rel_linf_norms = 0.0037228728769978514 0.008475410438168306
