reading fom    state /home/fnrizzi/waveRuns/romAccuracyScenario2/train2/fom_mesh512x2048_nThreads_36_dt_0.1_T_2000_snaps_true_seismo_true_mat_prem_fRank_1_test_13/state_timestep_20000_vp
reading approx state /home/fnrizzi/waveRuns/romAccuracyScenario2/train2/rom_mesh512x2048_nThreads_18_dt_0.1_T_2000_snaps_true_mat_prem_fRank_14_nPod_393_393/fomReconstructedState_timestep_20000_f_13_vp
 vp_fom_minmax    = -3.959188791929077e-08 2.947016804189463e-08
 vp_approx_minmax = -3.962030622382908e-08 2.950098108762792e-08
 vp_err_minmax    = -1.775885687918399e-10 1.7254158128693826e-10
 vp_err_abs_rel_ltwo_norms = 4.395426775176814e-09 0.003973318253036416
 vp_err_abs_rel_linf_norms = 1.775885687918399e-10 0.004485478670627161
