reading fom    state /home/fnrizzi/waveRuns/romAccuracyScenario2/train2/fom_mesh512x2048_nThreads_36_dt_0.1_T_2000_snaps_true_seismo_true_mat_prem_fRank_1_test_13/state_timestep_20000_sp
reading approx state /home/fnrizzi/waveRuns/romAccuracyScenario2/train2/rom_mesh512x2048_nThreads_18_dt_0.1_T_2000_snaps_true_mat_prem_fRank_14_nPod_393_393/fomReconstructedState_timestep_20000_f_13_sp
 sp_fom_minmax    = -0.3882001245748058 0.39643063846874643
 sp_approx_minmax = -0.3890889166013453 0.3965087295400028
 sp_err_minmax    = -0.001836191210433047 0.0016899791376086548
 sp_err_abs_rel_ltwo_norms = 0.07347663732856992 0.0038252866057362604
 sp_err_abs_rel_linf_norms = 0.001836191210433047 0.004631809533000582
