reading fom    state /home/fnrizzi/waveRuns/romAccuracyScenario2/train2/fom_mesh512x2048_nThreads_36_dt_0.1_T_2000_snaps_true_seismo_true_mat_prem_fRank_1_test_7/state_timestep_20000_sp
reading approx state /home/fnrizzi/waveRuns/romAccuracyScenario2/train2/rom_mesh512x2048_nThreads_18_dt_0.1_T_2000_snaps_true_mat_prem_fRank_14_nPod_393_393/fomReconstructedState_timestep_20000_f_7_sp
 sp_fom_minmax    = -1.358115975068079 1.3459612899400317
 sp_approx_minmax = -1.356517603855305 1.340686407498373
 sp_err_minmax    = -0.014243838577215007 0.008537812632137431
 sp_err_abs_rel_ltwo_norms = 0.38296178656552476 0.010982966104863379
 sp_err_abs_rel_linf_norms = 0.014243838577215007 0.010487939792108696
