reading fom    state /home/fnrizzi/waveRuns/romAccuracyScenario2/train2/fom_mesh512x2048_nThreads_36_dt_0.1_T_2000_snaps_true_seismo_true_mat_prem_fRank_1_test_4/state_timestep_20000_vp
reading approx state /home/fnrizzi/waveRuns/romAccuracyScenario2/train2/rom_mesh512x2048_nThreads_18_dt_0.1_T_2000_snaps_true_mat_prem_fRank_14_nPod_393_393/fomReconstructedState_timestep_20000_f_4_vp
 vp_fom_minmax    = -8.389318122707831e-08 7.931851793649922e-08
 vp_approx_minmax = -8.402200739758982e-08 7.939446793998011e-08
 vp_err_minmax    = -5.869638266610717e-10 6.827124076956447e-10
 vp_err_abs_rel_ltwo_norms = 2.6819718980162863e-08 0.01448557259221204
 vp_err_abs_rel_linf_norms = 6.827124076956447e-10 0.00813787721135177
