reading fom    state /home/fnrizzi/waveRuns/romAccuracyScenario2/train2/fom_mesh512x2048_nThreads_36_dt_0.1_T_2000_snaps_true_seismo_true_mat_prem_fRank_1_test_10/state_timestep_20000_vp
reading approx state /home/fnrizzi/waveRuns/romAccuracyScenario2/train2/rom_mesh512x2048_nThreads_18_dt_0.1_T_2000_snaps_true_mat_prem_fRank_14_nPod_393_393/fomReconstructedState_timestep_20000_f_10_vp
 vp_fom_minmax    = -1.240122250486767e-07 1.404439212047895e-07
 vp_approx_minmax = -1.2413137041037005e-07 1.8997666356824124e-07
 vp_err_minmax    = -1.8997313656884736e-07 6.755821235072166e-08
 vp_err_abs_rel_ltwo_norms = 8.438580222116296e-07 0.2511374652534885
 vp_err_abs_rel_linf_norms = 1.8997313656884736e-07 1.3526618663105854
