reading fom    state /home/fnrizzi/waveRuns/romAccuracyScenario1/train3/fom_mesh256x1024_nThreads_36_dt_0.1_T_2000_snaps_true_seismo_true_mat_bilayer_fRank_1_test_1/state_timestep_20000_sp
reading approx state /home/fnrizzi/waveRuns/romAccuracyScenario1/train3/rom_mesh256x1024_nThreads_18_dt_0.1_T_2000_snaps_true_mat_bilayer_fRank_1_nPod_104_104_test_1/fomReconstructedState_timestep_20000_sp
 sp_fom_minmax    = -0.00924720743857536 0.00679917119249987
 sp_approx_minmax = -0.009593379117693476 0.006377919198575887
 sp_err_minmax    = -0.0030035977339577004 0.004339853258353748
 sp_err_abs_rel_ltwo_norms = 0.08775124552807921 0.23234843538114017
 sp_err_abs_rel_linf_norms = 0.004339853258353748 0.469315010740405
