reading fom    state /home/fnrizzi/waveRuns/romAccuracyScenario1/train3/fom_mesh256x1024_nThreads_36_dt_0.1_T_2000_snaps_true_seismo_true_mat_bilayer_fRank_1_test_2/state_timestep_20000_sp
reading approx state /home/fnrizzi/waveRuns/romAccuracyScenario1/train3/rom_mesh256x1024_nThreads_18_dt_0.1_T_2000_snaps_true_mat_bilayer_fRank_1_nPod_2133_2133_test_2/fomReconstructedState_timestep_20000_sp
 sp_fom_minmax    = -0.009246964340683369 0.006796716908885803
 sp_approx_minmax = -0.00923360982035508 0.006845124965899856
 sp_err_minmax    = -0.0003807128281866182 0.00017426908292415567
 sp_err_abs_rel_ltwo_norms = 0.006828908272710155 0.018082090067038016
 sp_err_abs_rel_linf_norms = 0.0003807128281866182 0.04117165527627446
