reading fom    state /home/fnrizzi/waveRuns/romAccuracyScenario1/train3/fom_mesh256x1024_nThreads_36_dt_0.1_T_2000_snaps_true_seismo_true_mat_bilayer_fRank_1_test_6/state_timestep_20000_vp
reading approx state /home/fnrizzi/waveRuns/romAccuracyScenario1/train3/rom_mesh256x1024_nThreads_18_dt_0.1_T_2000_snaps_true_mat_bilayer_fRank_1_nPod_2133_2133_test_6/fomReconstructedState_timestep_20000_vp
 vp_fom_minmax    = -3.139035594411086e-10 3.7138037374264543e-10
 vp_approx_minmax = -3.148212522012419e-10 3.7217503621170127e-10
 vp_err_minmax    = -1.80189275238109e-11 2.0917071485323134e-11
 vp_err_abs_rel_ltwo_norms = 1.9583525722250534e-10 0.013979800918727497
 vp_err_abs_rel_linf_norms = 2.0917071485323134e-11 0.05632250103721956
