reading fom    state /home/fnrizzi/waveRuns/romAccuracyScenario1/train3/fom_mesh256x1024_nThreads_36_dt_0.1_T_2000_snaps_true_seismo_true_mat_bilayer_fRank_1_test_6/state_timestep_20000_sp
reading approx state /home/fnrizzi/waveRuns/romAccuracyScenario1/train3/rom_mesh256x1024_nThreads_18_dt_0.1_T_2000_snaps_true_mat_bilayer_fRank_1_nPod_2133_2133_test_6/fomReconstructedState_timestep_20000_sp
 sp_fom_minmax    = -0.009521278842316782 0.007851867327942496
 sp_approx_minmax = -0.009523363859290554 0.007851659902457564
 sp_err_minmax    = -0.000743688654695438 0.0004143877653499855
 sp_err_abs_rel_ltwo_norms = 0.005221431416620098 0.013698118119543285
 sp_err_abs_rel_linf_norms = 0.000743688654695438 0.07810806373931159
