reading fom    state /home/fnrizzi/waveRuns/romAccuracyScenario1/train3_v2//fom_mesh256x1024_nThreads_36_dt_0.1_T_2000_snaps_true_seismo_true_mat_bilayer_fRank_1_test_10/state_timestep_20000_vp
reading approx state /home/fnrizzi/waveRuns/romAccuracyScenario1/train3_v2//rom_mesh256x1024_nThreads_18_dt_0.1_T_2000_snaps_true_mat_bilayer_fRank_1_nPod_2329_2329_test_10/fomReconstructedState_timestep_20000_vp
 vp_fom_minmax    = -3.6123257051610133e-10 3.53189916651468e-10
 vp_approx_minmax = -3.5757358958967184e-10 3.4641312191225534e-10
 vp_err_minmax    = -2.2006656956624574e-11 2.8007006477766887e-11
 vp_err_abs_rel_ltwo_norms = 7.07150144864317e-10 0.049313879059383364
 vp_err_abs_rel_linf_norms = 2.8007006477766887e-11 0.0775317863440515
