reading fom    state /home/fnrizzi/romAccuracyT4/fom_mesh512x2048_nThreads_36_dt_0.1_T_2000.0_snaps_true_seismo_true_mat_prem_fRank_1_test_7/finalFomState_vp_0
reading approx state /home/fnrizzi/romAccuracyT4/rom_mesh512x2048_nThreads_18_dt_0.1_T_2000.0_snaps_true_mat_prem_fRank_14_nPod_170_170/finalFomState_vp_7
 vp_fom_minmax    = -9.530837765569947e-08 9.31448076279754e-08
 vp_approx_minmax = -1.1349644319942035e-07 1.0691910014577372e-07
 vp_err_minmax    = -1.069357305843316e-07 1.1350025415727602e-07
 vp_err_abs_rel_ltwo_norms = 2.4922464870163255e-06 1.225461822819147
 vp_err_abs_rel_linf_norms = 1.1350025415727602e-07 1.1908738449760892
