reading fom    state /home/fnrizzi/waveRuns/romAccuracyScenario1/train3_v2//fom_mesh256x1024_nThreads_36_dt_0.1_T_2000_snaps_true_seismo_true_mat_bilayer_fRank_1_test_9/state_timestep_20000_sp
reading approx state /home/fnrizzi/waveRuns/romAccuracyScenario1/train3_v2//rom_mesh256x1024_nThreads_18_dt_0.1_T_2000_snaps_true_mat_bilayer_fRank_1_nPod_2329_2329_test_9/fomReconstructedState_timestep_20000_sp
 sp_fom_minmax    = -0.008091522011671912 0.0057444553018969734
 sp_approx_minmax = -0.00811799865375262 0.005746645182605981
 sp_err_minmax    = -0.0015630270793032296 0.000765323263834479
 sp_err_abs_rel_ltwo_norms = 0.007065711596951181 0.01903238820471248
 sp_err_abs_rel_linf_norms = 0.0015630270793032296 0.1931684888267725
