reading fom    state /home/fnrizzi/waveRuns/romAccuracyScenario1/train3_v2//fom_mesh256x1024_nThreads_36_dt_0.1_T_2000_snaps_true_seismo_true_mat_bilayer_fRank_1_test_1/state_timestep_20000_vp
reading approx state /home/fnrizzi/waveRuns/romAccuracyScenario1/train3_v2//rom_mesh256x1024_nThreads_18_dt_0.1_T_2000_snaps_true_mat_bilayer_fRank_1_nPod_28_28_test_1/fomReconstructedState_timestep_20000_vp
 vp_fom_minmax    = -2.360281908877452e-10 3.2496987045308033e-10
 vp_approx_minmax = -1.1834236581710522e-09 1.3363057303987086e-09
 vp_err_minmax    = -1.3373448681379211e-09 1.1842345621972159e-09
 vp_err_abs_rel_ltwo_norms = 3.709457597610353e-08 2.7520058353242733
 vp_err_abs_rel_linf_norms = 1.3373448681379211e-09 4.115288799768929
