reading fom    state /home/fnrizzi/waveRuns/romAccuracyScenario1/train3/fom_mesh256x1024_nThreads_36_dt_0.1_T_2000_snaps_true_seismo_true_mat_bilayer_fRank_1_test_9/state_timestep_20000_sp
reading approx state /home/fnrizzi/waveRuns/romAccuracyScenario1/train3/rom_mesh256x1024_nThreads_18_dt_0.1_T_2000_snaps_true_mat_bilayer_fRank_1_nPod_1819_1819_test_9/fomReconstructedState_timestep_20000_sp
 sp_fom_minmax    = -0.009061482522348773 0.0064894097151584045
 sp_approx_minmax = -6.519304195551801 14.526681741588186
 sp_err_minmax    = -14.52668981284108 6.519296369165934
 sp_err_abs_rel_ltwo_norms = 23.302465065294946 61.92792889385649
 sp_err_abs_rel_linf_norms = 14.52668981284108 1603.1250710921975
