reading fom    state /home/fnrizzi/waveRuns/romAccuracyScenario1/train3_v2//fom_mesh256x1024_nThreads_36_dt_0.1_T_2000_snaps_true_seismo_true_mat_bilayer_fRank_1_test_7/state_timestep_20000_sp
reading approx state /home/fnrizzi/waveRuns/romAccuracyScenario1/train3_v2//rom_mesh256x1024_nThreads_18_dt_0.1_T_2000_snaps_true_mat_bilayer_fRank_1_nPod_28_28_test_7/fomReconstructedState_timestep_20000_sp
 sp_fom_minmax    = -0.009497401743999287 0.007676364185175282
 sp_approx_minmax = -0.03915143952652024 0.03802612444131608
 sp_err_minmax    = -0.038024810809958634 0.039148071896992
 sp_err_abs_rel_ltwo_norms = 0.8280953181334098 2.1751309877004386
 sp_err_abs_rel_linf_norms = 0.039148071896992 4.121977036690778
