reading fom    state /home/fnrizzi/waveRuns/romAccuracyScenario1/train3_v2//fom_mesh256x1024_nThreads_36_dt_0.1_T_2000_snaps_true_seismo_true_mat_bilayer_fRank_1_test_11/state_timestep_20000_sp
reading approx state /home/fnrizzi/waveRuns/romAccuracyScenario1/train3_v2//rom_mesh256x1024_nThreads_18_dt_0.1_T_2000_snaps_true_mat_bilayer_fRank_1_nPod_117_117_test_11/fomReconstructedState_timestep_20000_sp
 sp_fom_minmax    = -0.008419269717898732 0.0056689331623171885
 sp_approx_minmax = -0.008614445241306126 0.007445564538703176
 sp_err_minmax    = -0.004461581887695335 0.002233472836988317
 sp_err_abs_rel_ltwo_norms = 0.14355254830797265 0.3908974237837908
 sp_err_abs_rel_linf_norms = 0.004461581887695335 0.5299250454241119
