reading fom    state /home/fnrizzi/waveRuns/romAccuracyScenario1/train3_v2//fom_mesh256x1024_nThreads_36_dt_0.1_T_2000_snaps_true_seismo_true_mat_bilayer_fRank_1_test_0/state_timestep_20000_vp
reading approx state /home/fnrizzi/waveRuns/romAccuracyScenario1/train3_v2//rom_mesh256x1024_nThreads_18_dt_0.1_T_2000_snaps_true_mat_bilayer_fRank_1_nPod_2329_2329_test_0/fomReconstructedState_timestep_20000_vp
 vp_fom_minmax    = -2.6376469243093067e-10 3.5174279155615993e-10
 vp_approx_minmax = -2.649714356989969e-10 3.5221693902058757e-10
 vp_err_minmax    = -1.7978150512378274e-11 2.4150695369088906e-11
 vp_err_abs_rel_ltwo_norms = 2.5366912486794035e-10 0.018506627305409695
 vp_err_abs_rel_linf_norms = 2.4150695369088906e-11 0.0686601003598192
