reading fom    state /home/fnrizzi/waveRuns/romAccuracyScenario1/train3_v2//fom_mesh256x1024_nThreads_36_dt_0.1_T_2000_snaps_true_seismo_true_mat_bilayer_fRank_1_test_0/state_timestep_20000_sp
reading approx state /home/fnrizzi/waveRuns/romAccuracyScenario1/train3_v2//rom_mesh256x1024_nThreads_18_dt_0.1_T_2000_snaps_true_mat_bilayer_fRank_1_nPod_2329_2329_test_0/fomReconstructedState_timestep_20000_sp
 sp_fom_minmax    = -0.009213783202542989 0.006689449546627719
 sp_approx_minmax = -0.009190267200670309 0.00674857268642641
 sp_err_minmax    = -0.00019989265155240238 0.0004606146029417692
 sp_err_abs_rel_ltwo_norms = 0.006168816595230922 0.016351781191348887
 sp_err_abs_rel_linf_norms = 0.0004606146029417692 0.04999190808121471
