reading fom    state /home/fnrizzi/waveRuns/romAccuracyScenario1/train3_v2//fom_mesh256x1024_nThreads_36_dt_0.1_T_2000_snaps_true_seismo_true_mat_bilayer_fRank_1_test_4/state_timestep_20000_sp
reading approx state /home/fnrizzi/waveRuns/romAccuracyScenario1/train3_v2//rom_mesh256x1024_nThreads_18_dt_0.1_T_2000_snaps_true_mat_bilayer_fRank_1_nPod_117_117_test_4/fomReconstructedState_timestep_20000_sp
 sp_fom_minmax    = -0.009470906279489572 0.007348611935646899
 sp_approx_minmax = -0.03246874434913619 0.024507607209547096
 sp_err_minmax    = -0.02450427466884829 0.03246559789602171
 sp_err_abs_rel_ltwo_norms = 0.0934008503758536 0.24602170859576342
 sp_err_abs_rel_linf_norms = 0.03246559789602171 3.427929380563084
