reading fom    state /home/fnrizzi/waveRuns/romAccuracyScenario2/train2/fom_mesh512x2048_nThreads_36_dt_0.1_T_2000_snaps_true_seismo_true_mat_prem_fRank_1_test_0/state_timestep_20000_vp
reading approx state /home/fnrizzi/waveRuns/romAccuracyScenario2/train2/rom_mesh512x2048_nThreads_18_dt_0.1_T_2000_snaps_true_mat_prem_fRank_14_nPod_415_415/fomReconstructedState_timestep_20000_f_0_vp
 vp_fom_minmax    = -6.211123254338066e-08 5.62863979675722e-08
 vp_approx_minmax = -6.215114699038054e-08 5.628344157729012e-08
 vp_err_minmax    = -2.1102413956101768e-10 2.150085019920804e-10
 vp_err_abs_rel_ltwo_norms = 8.949356537028006e-09 0.00573362465815122
 vp_err_abs_rel_linf_norms = 2.150085019920804e-10 0.003461668577288511
