reading fom    state /home/fnrizzi/waveRuns/romAccuracyScenario1/train3_v2//fom_mesh256x1024_nThreads_36_dt_0.1_T_2000_snaps_true_seismo_true_mat_bilayer_fRank_1_test_9/state_timestep_20000_sp
reading approx state /home/fnrizzi/waveRuns/romAccuracyScenario1/train3_v2//rom_mesh256x1024_nThreads_18_dt_0.1_T_2000_snaps_true_mat_bilayer_fRank_1_nPod_117_117_test_9/fomReconstructedState_timestep_20000_sp
 sp_fom_minmax    = -0.008091522011671912 0.0057444553018969734
 sp_approx_minmax = -0.02760064248276035 0.03327460111533885
 sp_err_minmax    = -0.03328042476752577 0.027612120404495726
 sp_err_abs_rel_ltwo_norms = 0.10138041087119949 0.2730809642565225
 sp_err_abs_rel_linf_norms = 0.03328042476752577 4.112999349135948
