reading fom    state /home/fnrizzi/waveRuns/romAccuracyScenario1/train3_v2//fom_mesh256x1024_nThreads_36_dt_0.1_T_2000_snaps_true_seismo_true_mat_bilayer_fRank_1_test_6/state_timestep_20000_vp
reading approx state /home/fnrizzi/waveRuns/romAccuracyScenario1/train3_v2//rom_mesh256x1024_nThreads_18_dt_0.1_T_2000_snaps_true_mat_bilayer_fRank_1_nPod_117_117_test_6/fomReconstructedState_timestep_20000_vp
 vp_fom_minmax    = -2.9530628690412415e-10 3.686647024980612e-10
 vp_approx_minmax = -2.7842173000731704e-10 1.996374957836842e-09
 vp_err_minmax    = -1.9966945150601687e-09 1.0284527287649134e-10
 vp_err_abs_rel_ltwo_norms = 4.337988010289925e-09 0.31203700913385923
 vp_err_abs_rel_linf_norms = 1.9966945150601687e-09 5.416017594119061
