reading fom    state /home/fnrizzi/waveRuns/romAccuracyScenario1/train3/fom_mesh256x1024_nThreads_36_dt_0.1_T_2000_snaps_true_seismo_true_mat_bilayer_fRank_1_test_7/state_timestep_20000_vp
reading approx state /home/fnrizzi/waveRuns/romAccuracyScenario1/train3/rom_mesh256x1024_nThreads_18_dt_0.1_T_2000_snaps_true_mat_bilayer_fRank_1_nPod_2133_2133_test_7/fomReconstructedState_timestep_20000_vp
 vp_fom_minmax    = -3.2233503147477926e-10 3.724589498060381e-10
 vp_approx_minmax = -3.2371478990565354e-10 3.7283397843515563e-10
 vp_err_minmax    = -1.5850415141347553e-11 1.7381570499678286e-11
 vp_err_abs_rel_ltwo_norms = 2.214299481793325e-10 0.015758242080471673
 vp_err_abs_rel_linf_norms = 1.7381570499678286e-11 0.0466670770261526
