reading fom    state /home/fnrizzi/waveRuns/romAccuracyScenario1/train3/fom_mesh256x1024_nThreads_36_dt_0.1_T_2000_snaps_true_seismo_true_mat_bilayer_fRank_1_test_7/state_timestep_20000_sp
reading approx state /home/fnrizzi/waveRuns/romAccuracyScenario1/train3/rom_mesh256x1024_nThreads_18_dt_0.1_T_2000_snaps_true_mat_bilayer_fRank_1_nPod_2133_2133_test_7/fomReconstructedState_timestep_20000_sp
 sp_fom_minmax    = -0.009468512746925922 0.008017693474849765
 sp_approx_minmax = -0.009477458206336142 0.00802461359584699
 sp_err_minmax    = -0.001009148976815317 0.0004341512701448349
 sp_err_abs_rel_ltwo_norms = 0.00653573058810889 0.0171236143818407
 sp_err_abs_rel_linf_norms = 0.001009148976815317 0.10657946013147108
