reading fom    state /home/fnrizzi/waveRuns/romAccuracyScenario1/train3/fom_mesh256x1024_nThreads_36_dt_0.1_T_2000_snaps_true_seismo_true_mat_bilayer_fRank_1_test_9/state_timestep_20000_sp
reading approx state /home/fnrizzi/waveRuns/romAccuracyScenario1/train3/rom_mesh256x1024_nThreads_18_dt_0.1_T_2000_snaps_true_mat_bilayer_fRank_1_nPod_104_104_test_9/fomReconstructedState_timestep_20000_sp
 sp_fom_minmax    = -0.009061482522348773 0.0064894097151584045
 sp_approx_minmax = -0.028768511121905725 0.03360809456427878
 sp_err_minmax    = -0.0336159209501459 0.02878231107830696
 sp_err_abs_rel_ltwo_norms = 0.11696208068868974 0.31083490076568016
 sp_err_abs_rel_linf_norms = 0.0336159209501459 3.7097595086937845
