reading fom    state /home/fnrizzi/waveRuns/romAccuracyScenario1/train3_v2//fom_mesh256x1024_nThreads_36_dt_0.1_T_2000_snaps_true_seismo_true_mat_bilayer_fRank_1_test_14/state_timestep_20000_sp
reading approx state /home/fnrizzi/waveRuns/romAccuracyScenario1/train3_v2//rom_mesh256x1024_nThreads_18_dt_0.1_T_2000_snaps_true_mat_bilayer_fRank_1_nPod_117_117_test_14/fomReconstructedState_timestep_20000_sp
 sp_fom_minmax    = -0.009317773022010752 0.006890094461210206
 sp_approx_minmax = -0.03376448869977348 0.02682637176935321
 sp_err_minmax    = -0.026838334684682 0.033767740589687345
 sp_err_abs_rel_ltwo_norms = 0.09885625229785772 0.26148515754064633
 sp_err_abs_rel_linf_norms = 0.033767740589687345 3.6240140761016684
