reading fom    state /home/fnrizzi/waveRuns/romAccuracyScenario1/train3/fom_mesh256x1024_nThreads_36_dt_0.1_T_2000_snaps_true_seismo_true_mat_bilayer_fRank_1_test_8/state_timestep_20000_sp
reading approx state /home/fnrizzi/waveRuns/romAccuracyScenario1/train3/rom_mesh256x1024_nThreads_18_dt_0.1_T_2000_snaps_true_mat_bilayer_fRank_1_nPod_1050_1050_test_8/fomReconstructedState_timestep_20000_sp
 sp_fom_minmax    = -0.009451244926736184 0.008206349329493007
 sp_approx_minmax = -1140.2398611810752 536.2032446676274
 sp_err_minmax    = -536.2032493122144 1140.2398675678915
 sp_err_abs_rel_ltwo_norms = 1636.033813946651 4279.965128553805
 sp_err_abs_rel_linf_norms = 1140.2398675678915 120644.40995940338
