reading fom    state /home/fnrizzi/waveRuns/romAccuracyScenario1/train3/fom_mesh256x1024_nThreads_36_dt_0.1_T_2000_snaps_true_seismo_true_mat_bilayer_fRank_1_test_8/state_timestep_20000_vp
reading approx state /home/fnrizzi/waveRuns/romAccuracyScenario1/train3/rom_mesh256x1024_nThreads_18_dt_0.1_T_2000_snaps_true_mat_bilayer_fRank_1_nPod_1050_1050_test_8/fomReconstructedState_timestep_20000_vp
 vp_fom_minmax    = -3.316282419542549e-10 3.710817387922208e-10
 vp_approx_minmax = -2.124836464509084e-06 5.058273314525636e-06
 vp_err_minmax    = -5.058272939015291e-06 2.124836069714889e-06
 vp_err_abs_rel_ltwo_norms = 1.0285009183955097e-05 729.2906984468777
 vp_err_abs_rel_linf_norms = 5.058272939015291e-06 13631.155646404799
