reading fom    state /home/fnrizzi/waveRuns/romAccuracyScenario2/train2/fom_mesh512x2048_nThreads_36_dt_0.1_T_2000_snaps_true_seismo_true_mat_prem_fRank_1_test_1/state_timestep_20000_vp
reading approx state /home/fnrizzi/waveRuns/romAccuracyScenario2/train2/rom_mesh512x2048_nThreads_18_dt_0.1_T_2000_snaps_true_mat_prem_fRank_14_nPod_311_311/fomReconstructedState_timestep_20000_f_1_vp
 vp_fom_minmax    = -4.797190215602297e-08 3.7522259867295666e-08
 vp_approx_minmax = -4.922133464102669e-08 3.96337068946889e-08
 vp_err_minmax    = -9.423292609446219e-09 8.296901300334528e-09
 vp_err_abs_rel_ltwo_norms = 1.9546666784723644e-07 0.15165814732610408
 vp_err_abs_rel_linf_norms = 9.423292609446219e-09 0.1964335827000995
