reading fom    state /home/fnrizzi/waveRuns/romAccuracyScenario2/train2/fom_mesh512x2048_nThreads_36_dt_0.1_T_2000_snaps_true_seismo_true_mat_prem_fRank_1_test_10/state_timestep_20000_vp
reading approx state /home/fnrizzi/waveRuns/romAccuracyScenario2/train2/rom_mesh512x2048_nThreads_18_dt_0.1_T_2000_snaps_true_mat_prem_fRank_14_nPod_311_311/fomReconstructedState_timestep_20000_f_10_vp
 vp_fom_minmax    = -1.240122250486767e-07 1.404439212047895e-07
 vp_approx_minmax = -2.79215261760065e-07 5.60307763193618e-07
 vp_err_minmax    = -5.603006995643516e-07 2.7923290393877227e-07
 vp_err_abs_rel_ltwo_norms = 2.3868511766391045e-06 0.7103419516797838
 vp_err_abs_rel_linf_norms = 5.603006995643516e-07 3.9894976924444054
