reading fom    state /home/fnrizzi/waveRuns/romAccuracyScenario1/train3_v2//fom_mesh256x1024_nThreads_36_dt_0.1_T_2000_snaps_true_seismo_true_mat_bilayer_fRank_1_test_8/state_timestep_20000_sp
reading approx state /home/fnrizzi/waveRuns/romAccuracyScenario1/train3_v2//rom_mesh256x1024_nThreads_18_dt_0.1_T_2000_snaps_true_mat_bilayer_fRank_1_nPod_2385_2385_test_8/fomReconstructedState_timestep_20000_sp
 sp_fom_minmax    = -0.009476625053456955 0.007998136268528435
 sp_approx_minmax = -0.00953101723050397 0.008035452280442246
 sp_err_minmax    = -0.00024909844274063203 0.0003771398760095833
 sp_err_abs_rel_ltwo_norms = 0.00994151878608402 0.02604999287653807
 sp_err_abs_rel_linf_norms = 0.0003771398760095833 0.03979685530261719
