reading fom    state /home/fnrizzi/waveRuns/romAccuracyScenario1/train3/fom_mesh256x1024_nThreads_36_dt_0.1_T_2000_snaps_true_seismo_true_mat_bilayer_fRank_1_test_2/state_timestep_20000_vp
reading approx state /home/fnrizzi/waveRuns/romAccuracyScenario1/train3/rom_mesh256x1024_nThreads_18_dt_0.1_T_2000_snaps_true_mat_bilayer_fRank_1_nPod_104_104_test_2/fomReconstructedState_timestep_20000_vp
 vp_fom_minmax    = -2.6781294098337526e-10 3.5554227693485403e-10
 vp_approx_minmax = -2.878518398646185e-10 1.886560972417943e-09
 vp_err_minmax    = -1.8863294134289363e-09 2.872047466025636e-10
 vp_err_abs_rel_ltwo_norms = 4.646841155727256e-09 0.3383144834968141
 vp_err_abs_rel_linf_norms = 1.8863294134289363e-09 5.305499615098005
