reading fom    state /home/fnrizzi/waveRuns/romAccuracyScenario1/train3/fom_mesh256x1024_nThreads_36_dt_0.1_T_2000_snaps_true_seismo_true_mat_bilayer_fRank_1_test_2/state_timestep_20000_sp
reading approx state /home/fnrizzi/waveRuns/romAccuracyScenario1/train3/rom_mesh256x1024_nThreads_18_dt_0.1_T_2000_snaps_true_mat_bilayer_fRank_1_nPod_104_104_test_2/fomReconstructedState_timestep_20000_sp
 sp_fom_minmax    = -0.009246964340683369 0.006796716908885803
 sp_approx_minmax = -0.009594834260097614 0.006375784654618071
 sp_err_minmax    = -0.003925069149748387 0.0055024489243658894
 sp_err_abs_rel_ltwo_norms = 0.08798767219646574 0.23298028761105286
 sp_err_abs_rel_linf_norms = 0.0055024489243658894 0.5950546278368418
