reading fom    state /home/fnrizzi/waveRuns/romAccuracyScenario1/train3/fom_mesh256x1024_nThreads_36_dt_0.1_T_2000_snaps_true_seismo_true_mat_bilayer_fRank_1_test_6/state_timestep_20000_vp
reading approx state /home/fnrizzi/waveRuns/romAccuracyScenario1/train3/rom_mesh256x1024_nThreads_18_dt_0.1_T_2000_snaps_true_mat_bilayer_fRank_1_nPod_2255_2255_test_6/fomReconstructedState_timestep_20000_vp
 vp_fom_minmax    = -3.139035594411086e-10 3.7138037374264543e-10
 vp_approx_minmax = -3.142185992617968e-10 3.7200827455113603e-10
 vp_err_minmax    = -1.3734081894310285e-11 9.880507243828712e-12
 vp_err_abs_rel_ltwo_norms = 1.6574368533263227e-10 0.011831698527368838
 vp_err_abs_rel_linf_norms = 1.3734081894310285e-11 0.03698117311882388
