reading fom    state /home/fnrizzi/waveRuns/romAccuracyScenario2/train2/fom_mesh512x2048_nThreads_36_dt_0.1_T_2000_snaps_true_seismo_true_mat_prem_fRank_1_test_12/state_timestep_20000_vp
reading approx state /home/fnrizzi/waveRuns/romAccuracyScenario2/train2/rom_mesh512x2048_nThreads_18_dt_0.1_T_2000_snaps_true_mat_prem_fRank_14_nPod_436_436/fomReconstructedState_timestep_20000_f_12_vp
 vp_fom_minmax    = -1.203220505688684e-07 1.3162000284543027e-07
 vp_approx_minmax = -1.2032294890696686e-07 1.3161989934010063e-07
 vp_err_minmax    = -7.67492670421337e-11 1.519751804285969e-10
 vp_err_abs_rel_ltwo_norms = 1.121499285021434e-09 0.0004007069599850535
 vp_err_abs_rel_linf_norms = 1.519751804285969e-10 0.0011546510951460092
