reading fom    state /home/fnrizzi/waveRuns/romAccuracyScenario2/train2/fom_mesh512x2048_nThreads_36_dt_0.1_T_2000_snaps_true_seismo_true_mat_prem_fRank_1_test_5/state_timestep_20000_sp
reading approx state /home/fnrizzi/waveRuns/romAccuracyScenario2/train2/rom_mesh512x2048_nThreads_18_dt_0.1_T_2000_snaps_true_mat_prem_fRank_14_nPod_436_436/fomReconstructedState_timestep_20000_f_5_sp
 sp_fom_minmax    = -1.5911772184743067 1.5017164637347515
 sp_approx_minmax = -1.590637930325161 1.5011243288024914
 sp_err_minmax    = -0.0019031198500266688 0.0028659667742840234
 sp_err_abs_rel_ltwo_norms = 0.09637133689931418 0.0024535413894515665
 sp_err_abs_rel_linf_norms = 0.0028659667742840234 0.001801161266645109
