reading fom    state /home/fnrizzi/waveRuns/romAccuracyScenario2/train2/fom_mesh512x2048_nThreads_36_dt_0.1_T_2000_snaps_true_seismo_true_mat_prem_fRank_1_test_9/state_timestep_20000_vp
reading approx state /home/fnrizzi/waveRuns/romAccuracyScenario2/train2/rom_mesh512x2048_nThreads_18_dt_0.1_T_2000_snaps_true_mat_prem_fRank_14_nPod_436_436/fomReconstructedState_timestep_20000_f_9_vp
 vp_fom_minmax    = -4.178010993194785e-08 3.1759270330385817e-08
 vp_approx_minmax = -4.179251479202976e-08 3.176464638302256e-08
 vp_err_minmax    = -3.410219980721728e-11 2.3686819750262435e-11
 vp_err_abs_rel_ltwo_norms = 1.156361058992078e-09 0.0010025991667942447
 vp_err_abs_rel_linf_norms = 3.410219980721728e-11 0.0008162304949116582
