reading fom    state /home/fnrizzi/waveRuns/romAccuracyScenario2/train2/fom_mesh512x2048_nThreads_36_dt_0.1_T_2000_snaps_true_seismo_true_mat_prem_fRank_1_test_11/state_timestep_20000_sp
reading approx state /home/fnrizzi/waveRuns/romAccuracyScenario2/train2/rom_mesh512x2048_nThreads_18_dt_0.1_T_2000_snaps_true_mat_prem_fRank_14_nPod_436_436/fomReconstructedState_timestep_20000_f_11_sp
 sp_fom_minmax    = -0.3438349054478519 0.37960949010065237
 sp_approx_minmax = -0.3446176605322432 0.3800749104638282
 sp_err_minmax    = -0.003303577673656105 0.00181542888319558
 sp_err_abs_rel_ltwo_norms = 0.09238722256004833 0.0052333653058893505
 sp_err_abs_rel_linf_norms = 0.003303577673656105 0.008702568718132339
