reading fom    state /home/fnrizzi/waveRuns/romAccuracyScenario2/train2/fom_mesh512x2048_nThreads_36_dt_0.1_T_2000_snaps_true_seismo_true_mat_prem_fRank_1_test_13/state_timestep_20000_vp
reading approx state /home/fnrizzi/waveRuns/romAccuracyScenario2/train2/rom_mesh512x2048_nThreads_18_dt_0.1_T_2000_snaps_true_mat_prem_fRank_14_nPod_436_436/fomReconstructedState_timestep_20000_f_13_vp
 vp_fom_minmax    = -3.959188791929077e-08 2.947016804189463e-08
 vp_approx_minmax = -3.9588702222246704e-08 2.9465782464940915e-08
 vp_err_minmax    = -1.8593760793473238e-11 1.3588155509799996e-11
 vp_err_abs_rel_ltwo_norms = 4.406319760524297e-10 0.0003983165146119846
 vp_err_abs_rel_linf_norms = 1.8593760793473238e-11 0.00046963561907876605
