reading fom    state /home/fnrizzi/waveRuns/romAccuracyScenario2/train2/fom_mesh512x2048_nThreads_36_dt_0.1_T_2000_snaps_true_seismo_true_mat_prem_fRank_1_test_0/state_timestep_20000_sp
reading approx state /home/fnrizzi/waveRuns/romAccuracyScenario2/train2/rom_mesh512x2048_nThreads_18_dt_0.1_T_2000_snaps_true_mat_prem_fRank_14_nPod_436_436/fomReconstructedState_timestep_20000_f_0_sp
 sp_fom_minmax    = -0.8303701152900599 0.9035025046754709
 sp_approx_minmax = -0.8309372473889899 0.903884079824711
 sp_err_minmax    = -0.0022988475807452224 0.001854218271760244
 sp_err_abs_rel_ltwo_norms = 0.07717857400003869 0.0028929874911834174
 sp_err_abs_rel_linf_norms = 0.0022988475807452224 0.0025443732240354395
