reading fom    state /home/fnrizzi/waveRuns/romAccuracyScenario2/train2/fom_mesh512x2048_nThreads_36_dt_0.1_T_2000_snaps_true_seismo_true_mat_prem_fRank_1_test_10/state_timestep_20000_sp
reading approx state /home/fnrizzi/waveRuns/romAccuracyScenario2/train2/rom_mesh512x2048_nThreads_18_dt_0.1_T_2000_snaps_true_mat_prem_fRank_14_nPod_436_436/fomReconstructedState_timestep_20000_f_10_sp
 sp_fom_minmax    = -2.0760992946412564 1.8039889154082287
 sp_approx_minmax = -2.075911508183705 1.8033245507843054
 sp_err_minmax    = -0.03279546366732487 0.02648672723758479
 sp_err_abs_rel_ltwo_norms = 0.38099058004104835 0.006556724768379183
 sp_err_abs_rel_linf_norms = 0.03279546366732487 0.015796673960621826
