reading fom    state /home/fnrizzi/romAccuracyT4/fom_mesh512x2048_nThreads_36_dt_0.1_T_2000.0_snaps_true_seismo_true_mat_prem_fRank_1_test_9/finalFomState_vp_0
reading approx state /home/fnrizzi/romAccuracyT4/rom_mesh512x2048_nThreads_18_dt_0.1_T_2000.0_snaps_true_mat_prem_fRank_14_nPod_311_311/finalFomState_vp_9
 vp_fom_minmax    = -4.178010993194785e-08 3.1759270330385817e-08
 vp_approx_minmax = -4.3078367512471495e-08 3.354384029202934e-08
 vp_err_minmax    = -9.361118245812448e-09 4.139890776667178e-09
 vp_err_abs_rel_ltwo_norms = 1.904296332413734e-07 0.16510811232881767
 vp_err_abs_rel_linf_norms = 9.361118245812448e-09 0.22405681222620039
