reading fom    state /home/fnrizzi/romAccuracyT4/fom_mesh512x2048_nThreads_36_dt_0.1_T_2000.0_snaps_true_seismo_true_mat_prem_fRank_1_test_6/finalFomState_vp_0
reading approx state /home/fnrizzi/romAccuracyT4/rom_mesh512x2048_nThreads_18_dt_0.1_T_2000.0_snaps_true_mat_prem_fRank_14_nPod_311_311/finalFomState_vp_6
 vp_fom_minmax    = -8.643974753651675e-08 8.230998906129439e-08
 vp_approx_minmax = -8.352717843698642e-08 7.998486594057188e-08
 vp_err_minmax    = -9.854490627417753e-09 3.665800087200543e-08
 vp_err_abs_rel_ltwo_norms = 3.366504828561873e-07 0.17817281113952882
 vp_err_abs_rel_linf_norms = 3.665800087200543e-08 0.42408731997417204
