reading fom    state /home/fnrizzi/waveRuns/romAccuracyScenario1/train3_v2//fom_mesh256x1024_nThreads_36_dt_0.1_T_2000_snaps_true_seismo_true_mat_bilayer_fRank_1_test_11/state_timestep_20000_sp
reading approx state /home/fnrizzi/waveRuns/romAccuracyScenario1/train3_v2//rom_mesh256x1024_nThreads_18_dt_0.1_T_2000_snaps_true_mat_bilayer_fRank_1_nPod_28_28_test_11/fomReconstructedState_timestep_20000_sp
 sp_fom_minmax    = -0.008419269717898732 0.0056689331623171885
 sp_approx_minmax = -0.02770059941001681 0.04136541067062381
 sp_err_minmax    = -0.04138379906333601 0.02770695113564535
 sp_err_abs_rel_ltwo_norms = 1.0011698845296093 2.726212339978394
 sp_err_abs_rel_linf_norms = 0.04138379906333601 4.915366825148406
