reading fom    state /home/fnrizzi/waveRuns/romAccuracyScenario1/train3_v2//fom_mesh256x1024_nThreads_36_dt_0.1_T_2000_snaps_true_seismo_true_mat_bilayer_fRank_1_test_14/state_timestep_20000_sp
reading approx state /home/fnrizzi/waveRuns/romAccuracyScenario1/train3_v2//rom_mesh256x1024_nThreads_18_dt_0.1_T_2000_snaps_true_mat_bilayer_fRank_1_nPod_1117_1117_test_14/fomReconstructedState_timestep_20000_sp
 sp_fom_minmax    = -0.009317773022010752 0.006890094461210206
 sp_approx_minmax = -0.009309259213143148 0.006902226030530599
 sp_err_minmax    = -0.0015338881841649012 0.001022338753850783
 sp_err_abs_rel_ltwo_norms = 0.008662497068693376 0.022913213459456228
 sp_err_abs_rel_linf_norms = 0.0015338881841649012 0.16461961249125726
