reading fom    state /home/fnrizzi/waveRuns/romAccuracyScenario1/train3/fom_mesh256x1024_nThreads_36_dt_0.1_T_2000_snaps_true_seismo_true_mat_bilayer_fRank_1_test_4/state_timestep_20000_vp
reading approx state /home/fnrizzi/waveRuns/romAccuracyScenario1/train3/rom_mesh256x1024_nThreads_18_dt_0.1_T_2000_snaps_true_mat_bilayer_fRank_1_nPod_2255_2255_test_4/fomReconstructedState_timestep_20000_vp
 vp_fom_minmax    = -3.1207237740661305e-10 3.716253074700303e-10
 vp_approx_minmax = -3.121839405744499e-10 3.7211152649914584e-10
 vp_err_minmax    = -1.4455301646751237e-11 9.196274449043123e-12
 vp_err_abs_rel_ltwo_norms = 1.5612226093043487e-10 0.01115476921353661
 vp_err_abs_rel_linf_norms = 1.4455301646751237e-11 0.038897516816496634
