reading fom    state /home/fnrizzi/romAccuracyT4/fom_mesh512x2048_nThreads_36_dt_0.1_T_2000.0_snaps_true_seismo_true_mat_prem_fRank_1_test_5/finalFomState_vp_0
reading approx state /home/fnrizzi/romAccuracyT4/rom_mesh512x2048_nThreads_18_dt_0.1_T_2000.0_snaps_true_mat_prem_fRank_14_nPod_311_311/finalFomState_vp_5
 vp_fom_minmax    = -1.0764616464143212e-07 1.0947607022853834e-07
 vp_approx_minmax = -1.0386080123893175e-07 1.0803885253362168e-07
 vp_err_minmax    = -1.0807463238925355e-08 5.9364946075453296e-08
 vp_err_abs_rel_ltwo_norms = 4.1290519053700203e-07 0.18071279957621247
 vp_err_abs_rel_linf_norms = 5.9364946075453296e-08 0.5422641308874638
