reading fom    state /home/fnrizzi/romAccuracyT4/fom_mesh512x2048_nThreads_36_dt_0.1_T_2000.0_snaps_true_seismo_true_mat_prem_fRank_1_test_0/finalFomState_sp_0
reading approx state /home/fnrizzi/romAccuracyT4/rom_mesh512x2048_nThreads_18_dt_0.1_T_2000.0_snaps_true_mat_prem_fRank_14_nPod_311_311/finalFomState_sp_0
 sp_fom_minmax    = -0.8303701152900599 0.9035025046754709
 sp_approx_minmax = -0.8618684319184505 0.9190323849498707
 sp_err_minmax    = -0.22792433127879758 0.12594162363409064
 sp_err_abs_rel_ltwo_norms = 4.670814189943222 0.17508236191486218
 sp_err_abs_rel_linf_norms = 0.22792433127879758 0.252267514588314
