reading fom    state /home/fnrizzi/waveRuns/romAccuracyScenario1/train3/fom_mesh256x1024_nThreads_36_dt_0.1_T_2000_snaps_true_seismo_true_mat_bilayer_fRank_1_test_6/state_timestep_20000_vp
reading approx state /home/fnrizzi/waveRuns/romAccuracyScenario1/train3/rom_mesh256x1024_nThreads_18_dt_0.1_T_2000_snaps_true_mat_bilayer_fRank_1_nPod_204_204_test_6/fomReconstructedState_timestep_20000_vp
 vp_fom_minmax    = -3.139035594411086e-10 3.7138037374264543e-10
 vp_approx_minmax = -3.1157863492671944e-10 3.7352375692181353e-10
 vp_err_minmax    = -2.7629599078291925e-10 2.840496940979415e-10
 vp_err_abs_rel_ltwo_norms = 9.232031244443061e-10 0.0659033315569666
 vp_err_abs_rel_linf_norms = 2.840496940979415e-10 0.7648484254442017
