reading fom    state /home/fnrizzi/waveRuns/romAccuracyScenario1/train3_v2//fom_mesh256x1024_nThreads_36_dt_0.1_T_2000_snaps_true_seismo_true_mat_bilayer_fRank_1_test_14/state_timestep_20000_sp
reading approx state /home/fnrizzi/waveRuns/romAccuracyScenario1/train3_v2//rom_mesh256x1024_nThreads_18_dt_0.1_T_2000_snaps_true_mat_bilayer_fRank_1_nPod_2385_2385_test_14/fomReconstructedState_timestep_20000_sp
 sp_fom_minmax    = -0.009317773022010752 0.006890094461210206
 sp_approx_minmax = -0.009317513415604812 0.006890100207134222
 sp_err_minmax    = -1.767556437019618e-05 1.6937678737681382e-05
 sp_err_abs_rel_ltwo_norms = 0.00026622458280058336 0.0007041919489832001
 sp_err_abs_rel_linf_norms = 1.767556437019618e-05 0.0018969730565922109
