reading fom    state /home/fnrizzi/waveRuns/romAccuracyScenario1/train3_v2//fom_mesh256x1024_nThreads_36_dt_0.1_T_2000_snaps_true_seismo_true_mat_bilayer_fRank_1_test_14/state_timestep_20000_vp
reading approx state /home/fnrizzi/waveRuns/romAccuracyScenario1/train3_v2//rom_mesh256x1024_nThreads_18_dt_0.1_T_2000_snaps_true_mat_bilayer_fRank_1_nPod_2385_2385_test_14/fomReconstructedState_timestep_20000_vp
 vp_fom_minmax    = -2.7194373141975074e-10 3.5796086798660353e-10
 vp_approx_minmax = -2.7196930521757637e-10 3.5795431068077617e-10
 vp_err_minmax    = -5.449235201520864e-13 6.681439582522665e-13
 vp_err_abs_rel_ltwo_norms = 7.868707318698112e-12 0.0005717085592977132
 vp_err_abs_rel_linf_norms = 6.681439582522665e-13 0.0018665279308610666
