reading fom    state /home/fnrizzi/waveRuns/romAccuracyScenario1/train3_v2//fom_mesh256x1024_nThreads_36_dt_0.1_T_2000_snaps_true_seismo_true_mat_bilayer_fRank_1_test_3/state_timestep_20000_vp
reading approx state /home/fnrizzi/waveRuns/romAccuracyScenario1/train3_v2//rom_mesh256x1024_nThreads_18_dt_0.1_T_2000_snaps_true_mat_bilayer_fRank_1_nPod_28_28_test_3/fomReconstructedState_timestep_20000_vp
 vp_fom_minmax    = -2.19983787037272e-10 3.251192024404941e-10
 vp_approx_minmax = -1.6513347033038394e-09 4.952780504220101e-10
 vp_err_minmax    = -4.954550156184955e-10 1.6499875353028344e-09
 vp_err_abs_rel_ltwo_norms = 3.471625013826663e-08 2.609403360151026
 vp_err_abs_rel_linf_norms = 1.6499875353028344e-09 5.0750233234987965
