reading fom    state /home/fnrizzi/waveRuns/romAccuracyScenario1/train3/fom_mesh256x1024_nThreads_36_dt_0.1_T_2000_snaps_true_seismo_true_mat_bilayer_fRank_1_test_11/state_timestep_20000_sp
reading approx state /home/fnrizzi/waveRuns/romAccuracyScenario1/train3/rom_mesh256x1024_nThreads_18_dt_0.1_T_2000_snaps_true_mat_bilayer_fRank_1_nPod_2340_2340_test_11/fomReconstructedState_timestep_20000_sp
 sp_fom_minmax    = -0.008464924751326737 0.005973911114910488
 sp_approx_minmax = -0.008373368945822112 0.006136760641883772
 sp_err_minmax    = -0.0004793598509899794 0.00043976138002439595
 sp_err_abs_rel_ltwo_norms = 0.02114255129394858 0.056670198126957144
 sp_err_abs_rel_linf_norms = 0.0004793598509899794 0.05662895596500697
