reading fom    state /home/fnrizzi/waveRuns/romAccuracyScenario1/train3/fom_mesh256x1024_nThreads_36_dt_0.1_T_2000_snaps_true_seismo_true_mat_bilayer_fRank_1_test_0/state_timestep_20000_sp
reading approx state /home/fnrizzi/waveRuns/romAccuracyScenario1/train3/rom_mesh256x1024_nThreads_18_dt_0.1_T_2000_snaps_true_mat_bilayer_fRank_1_nPod_1819_1819_test_0/fomReconstructedState_timestep_20000_sp
 sp_fom_minmax    = -0.009471013545517354 0.00734761459950312
 sp_approx_minmax = -0.9506577164875768 2.129980270501109
 sp_err_minmax    = -2.1299848320917554 0.9506544224829317
 sp_err_abs_rel_ltwo_norms = 3.472567368786564 9.1469698943143
 sp_err_abs_rel_linf_norms = 2.1299848320917554 224.89513100737574
