reading fom    state /home/fnrizzi/waveRuns/romAccuracyScenario1/train3/fom_mesh256x1024_nThreads_36_dt_0.1_T_2000_snaps_true_seismo_true_mat_bilayer_fRank_1_test_0/state_timestep_20000_vp
reading approx state /home/fnrizzi/waveRuns/romAccuracyScenario1/train3/rom_mesh256x1024_nThreads_18_dt_0.1_T_2000_snaps_true_mat_bilayer_fRank_1_nPod_1819_1819_test_0/fomReconstructedState_timestep_20000_vp
 vp_fom_minmax    = -2.9149490631310344e-10 3.672894543694797e-10
 vp_approx_minmax = -2.2650286755518068e-09 2.8484226332664724e-09
 vp_err_minmax    = -2.8478956729790186e-09 2.2648130184026236e-09
 vp_err_abs_rel_ltwo_norms = 1.9225230805206532e-08 1.3848411547717148
 vp_err_abs_rel_linf_norms = 2.8478956729790186e-09 7.753818246341862
