reading fom    state /home/fnrizzi/waveRuns/romAccuracyScenario1/train3_v2//fom_mesh256x1024_nThreads_36_dt_0.1_T_2000_snaps_true_seismo_true_mat_bilayer_fRank_1_test_0/state_timestep_20000_sp
reading approx state /home/fnrizzi/waveRuns/romAccuracyScenario1/train3_v2//rom_mesh256x1024_nThreads_18_dt_0.1_T_2000_snaps_true_mat_bilayer_fRank_1_nPod_2385_2385_test_0/fomReconstructedState_timestep_20000_sp
 sp_fom_minmax    = -0.009213783202542989 0.006689449546627719
 sp_approx_minmax = -0.009221911769688042 0.006703245177864368
 sp_err_minmax    = -0.00033130771518360947 0.00038765622205525044
 sp_err_abs_rel_ltwo_norms = 0.006942448578383749 0.018402459910006882
 sp_err_abs_rel_linf_norms = 0.00038765622205525044 0.042073512425195546
