reading fom    state /home/fnrizzi/waveRuns/romAccuracyScenario1/train3_v2//fom_mesh256x1024_nThreads_36_dt_0.1_T_2000_snaps_true_seismo_true_mat_bilayer_fRank_1_test_8/state_timestep_20000_sp
reading approx state /home/fnrizzi/waveRuns/romAccuracyScenario1/train3_v2//rom_mesh256x1024_nThreads_18_dt_0.1_T_2000_snaps_true_mat_bilayer_fRank_1_nPod_117_117_test_8/fomReconstructedState_timestep_20000_sp
 sp_fom_minmax    = -0.009476625053456955 0.007998136268528435
 sp_approx_minmax = -0.027654115221580382 0.034414985347213885
 sp_err_minmax    = -0.03440441318931588 0.027645737495729666
 sp_err_abs_rel_ltwo_norms = 0.11692605086439437 0.30638405032869176
 sp_err_abs_rel_linf_norms = 0.03440441318931588 3.630449975095889
