reading fom    state /home/fnrizzi/waveRuns/romAccuracyScenario1/train3_v2//fom_mesh256x1024_nThreads_36_dt_0.1_T_2000_snaps_true_seismo_true_mat_bilayer_fRank_1_test_4/state_timestep_20000_vp
reading approx state /home/fnrizzi/waveRuns/romAccuracyScenario1/train3_v2//rom_mesh256x1024_nThreads_18_dt_0.1_T_2000_snaps_true_mat_bilayer_fRank_1_nPod_1117_1117_test_4/fomReconstructedState_timestep_20000_vp
 vp_fom_minmax    = -2.915331540457937e-10 3.6731199196009454e-10
 vp_approx_minmax = -2.9077465884017733e-10 3.6848274794036086e-10
 vp_err_minmax    = -1.1064467245987787e-10 4.5387244095314216e-11
 vp_err_abs_rel_ltwo_norms = 4.55833827686807e-10 0.0328341991569065
 vp_err_abs_rel_linf_norms = 1.1064467245987787e-10 0.3012280428674338
