reading fom    state /home/fnrizzi/waveRuns/romAccuracyScenario1/train3/fom_mesh256x1024_nThreads_36_dt_0.1_T_2000_snaps_true_seismo_true_mat_bilayer_fRank_1_test_5/state_timestep_20000_sp
reading approx state /home/fnrizzi/waveRuns/romAccuracyScenario1/train3/rom_mesh256x1024_nThreads_18_dt_0.1_T_2000_snaps_true_mat_bilayer_fRank_1_nPod_1819_1819_test_5/fomReconstructedState_timestep_20000_sp
 sp_fom_minmax    = -0.009428751622230535 0.008265438205967817
 sp_approx_minmax = -18.77828448894464 8.33219099812105
 sp_err_minmax    = -8.332197492203873 18.778288551007414
 sp_err_abs_rel_ltwo_norms = 31.12695640827248 81.40221973455911
 sp_err_abs_rel_linf_norms = 18.778288551007414 1991.5986021662836
