reading fom    state /home/fnrizzi/waveRuns/romAccuracyScenario1/train3/fom_mesh256x1024_nThreads_36_dt_0.1_T_2000_snaps_true_seismo_true_mat_bilayer_fRank_1_test_2/state_timestep_20000_sp
reading approx state /home/fnrizzi/waveRuns/romAccuracyScenario1/train3/rom_mesh256x1024_nThreads_18_dt_0.1_T_2000_snaps_true_mat_bilayer_fRank_1_nPod_1050_1050_test_2/fomReconstructedState_timestep_20000_sp
 sp_fom_minmax    = -0.009246964340683369 0.006796716908885803
 sp_approx_minmax = -0.009243539589363926 0.006826931160109449
 sp_err_minmax    = -0.001009130556355927 0.0017473948337576057
 sp_err_abs_rel_ltwo_norms = 0.013858489488509854 0.0366955368438247
 sp_err_abs_rel_linf_norms = 0.0017473948337576057 0.18896956551132
