reading fom    state /home/fnrizzi/waveRuns/romAccuracyScenario1/train3/fom_mesh256x1024_nThreads_36_dt_0.1_T_2000_snaps_true_seismo_true_mat_bilayer_fRank_1_test_2/state_timestep_20000_vp
reading approx state /home/fnrizzi/waveRuns/romAccuracyScenario1/train3/rom_mesh256x1024_nThreads_18_dt_0.1_T_2000_snaps_true_mat_bilayer_fRank_1_nPod_1050_1050_test_2/fomReconstructedState_timestep_20000_vp
 vp_fom_minmax    = -2.6781294098337526e-10 3.5554227693485403e-10
 vp_approx_minmax = -2.6946566441346667e-10 3.547165285096751e-10
 vp_err_minmax    = -8.716671784796661e-11 5.752308956346552e-11
 vp_err_abs_rel_ltwo_norms = 5.188682141657387e-10 0.037776335793626485
 vp_err_abs_rel_linf_norms = 8.716671784796661e-11 0.24516554992963088
