reading fom    state /home/fnrizzi/waveRuns/romAccuracyScenario1/train3_v2//fom_mesh256x1024_nThreads_36_dt_0.1_T_2000_snaps_true_seismo_true_mat_bilayer_fRank_1_test_13/state_timestep_20000_vp
reading approx state /home/fnrizzi/waveRuns/romAccuracyScenario1/train3_v2//rom_mesh256x1024_nThreads_18_dt_0.1_T_2000_snaps_true_mat_bilayer_fRank_1_nPod_28_28_test_13/fomReconstructedState_timestep_20000_vp
 vp_fom_minmax    = -2.1753833977711014e-10 3.2981670943535316e-10
 vp_approx_minmax = -2.1338280643255234e-09 4.0710806606312863e-10
 vp_err_minmax    = -4.070524216278882e-10 2.1333760408083644e-09
 vp_err_abs_rel_ltwo_norms = 3.344362568243807e-08 2.5194702953947274
 vp_err_abs_rel_linf_norms = 2.1333760408083644e-09 6.468368581024013
