reading fom    state /home/fnrizzi/waveRuns/romAccuracyScenario1/train3_v2//fom_mesh256x1024_nThreads_36_dt_0.1_T_2000_snaps_true_seismo_true_mat_bilayer_fRank_1_test_0/state_timestep_20000_sp
reading approx state /home/fnrizzi/waveRuns/romAccuracyScenario1/train3_v2//rom_mesh256x1024_nThreads_18_dt_0.1_T_2000_snaps_true_mat_bilayer_fRank_1_nPod_1117_1117_test_0/fomReconstructedState_timestep_20000_sp
 sp_fom_minmax    = -0.009213783202542989 0.006689449546627719
 sp_approx_minmax = -0.009185786335778231 0.006729386054629138
 sp_err_minmax    = -0.0013119023580437984 0.0011137005167183038
 sp_err_abs_rel_ltwo_norms = 0.010284320139422367 0.027260812511694082
 sp_err_abs_rel_linf_norms = 0.0013119023580437984 0.142384765215847
