reading fom    state /home/fnrizzi/waveRuns/romAccuracyScenario1/train3/fom_mesh256x1024_nThreads_36_dt_0.1_T_2000_snaps_true_seismo_true_mat_bilayer_fRank_1_test_2/state_timestep_20000_sp
reading approx state /home/fnrizzi/waveRuns/romAccuracyScenario1/train3/rom_mesh256x1024_nThreads_18_dt_0.1_T_2000_snaps_true_mat_bilayer_fRank_1_nPod_2255_2255_test_2/fomReconstructedState_timestep_20000_sp
 sp_fom_minmax    = -0.009246964340683369 0.006796716908885803
 sp_approx_minmax = -0.009278985514570664 0.006826044786216617
 sp_err_minmax    = -0.0004918739732148891 0.0003054520905937547
 sp_err_abs_rel_ltwo_norms = 0.0062780865963497955 0.01662358355837289
 sp_err_abs_rel_linf_norms = 0.0004918739732148891 0.053193021525001216
