reading fom    state /home/fnrizzi/waveRuns/romAccuracyScenario1/train3//fom_mesh256x1024_nThreads_36_dt_0.1_T_2000_snaps_true_seismo_true_mat_bilayer_fRank_1_test_10/state_timestep_20000_vp
reading approx state /home/fnrizzi/waveRuns/romAccuracyScenario1/train3//rom_mesh256x1024_nThreads_18_dt_0.1_T_2000_snaps_true_mat_bilayer_fRank_1_nPod_204_204_test_10/fomReconstructedState_timestep_20000_vp
 vp_fom_minmax    = -3.6123257051610133e-10 3.53189916651468e-10
 vp_approx_minmax = -3.556483960912844e-10 3.958631511574635e-10
 vp_err_minmax    = -3.9589016464444006e-10 1.6243675432422767e-10
 vp_err_abs_rel_ltwo_norms = 9.899653168442953e-10 0.06903630051183934
 vp_err_abs_rel_linf_norms = 3.9589016464444006e-10 1.0959426058365187
