reading fom    state /home/fnrizzi/waveRuns/romAccuracyScenario1/train3/fom_mesh256x1024_nThreads_36_dt_0.1_T_2000_snaps_true_seismo_true_mat_bilayer_fRank_1_test_11/state_timestep_20000_sp
reading approx state /home/fnrizzi/waveRuns/romAccuracyScenario1/train3/rom_mesh256x1024_nThreads_18_dt_0.1_T_2000_snaps_true_mat_bilayer_fRank_1_nPod_2133_2133_test_11/fomReconstructedState_timestep_20000_sp
 sp_fom_minmax    = -0.008464924751326737 0.005973911114910488
 sp_approx_minmax = -0.008385769490907514 0.005940233292261271
 sp_err_minmax    = -0.0004269029301999578 0.0004563462094917285
 sp_err_abs_rel_ltwo_norms = 0.02135015472466673 0.05722665545261589
 sp_err_abs_rel_linf_norms = 0.0004563462094917285 0.05391024999013769
