reading fom    state /home/fnrizzi/waveRuns/romAccuracyScenario1/train3_v2//fom_mesh256x1024_nThreads_36_dt_0.1_T_2000_snaps_true_seismo_true_mat_bilayer_fRank_1_test_6/state_timestep_20000_sp
reading approx state /home/fnrizzi/waveRuns/romAccuracyScenario1/train3_v2//rom_mesh256x1024_nThreads_18_dt_0.1_T_2000_snaps_true_mat_bilayer_fRank_1_nPod_2329_2329_test_6/fomReconstructedState_timestep_20000_sp
 sp_fom_minmax    = -0.00948057775187075 0.007412992481106251
 sp_approx_minmax = -0.009535846808943604 0.007428023205518619
 sp_err_minmax    = -0.0005275827323194902 0.0012070496896399003
 sp_err_abs_rel_ltwo_norms = 0.00890199803425456 0.023433187613968978
 sp_err_abs_rel_linf_norms = 0.0012070496896399003 0.12731815731395904
