reading fom    state /home/fnrizzi/waveRuns/romAccuracyScenario1/train3_v2//fom_mesh256x1024_nThreads_36_dt_0.1_T_2000_snaps_true_seismo_true_mat_bilayer_fRank_1_test_7/state_timestep_20000_vp
reading approx state /home/fnrizzi/waveRuns/romAccuracyScenario1/train3_v2//rom_mesh256x1024_nThreads_18_dt_0.1_T_2000_snaps_true_mat_bilayer_fRank_1_nPod_222_222_test_7/fomReconstructedState_timestep_20000_vp
 vp_fom_minmax    = -3.0716946780546993e-10 3.71225311503799e-10
 vp_approx_minmax = -3.0476245409465937e-10 4.469876705061743e-10
 vp_err_minmax    = -4.467620210378601e-10 1.3684625527345977e-10
 vp_err_abs_rel_ltwo_norms = 1.2117283830051225e-09 0.08674403399976205
 vp_err_abs_rel_linf_norms = 4.467620210378601e-10 1.203479415851438
