reading fom    state /home/fnrizzi/waveRuns/romAccuracyScenario1/train3_v2//fom_mesh256x1024_nThreads_36_dt_0.1_T_2000_snaps_true_seismo_true_mat_bilayer_fRank_1_test_7/state_timestep_20000_sp
reading approx state /home/fnrizzi/waveRuns/romAccuracyScenario1/train3_v2//rom_mesh256x1024_nThreads_18_dt_0.1_T_2000_snaps_true_mat_bilayer_fRank_1_nPod_222_222_test_7/fomReconstructedState_timestep_20000_sp
 sp_fom_minmax    = -0.009497401743999287 0.007676364185175282
 sp_approx_minmax = -0.009574037745730226 0.007554136336389739
 sp_err_minmax    = -0.0057452681887525696 0.006882475218271417
 sp_err_abs_rel_ltwo_norms = 0.02298297236634409 0.06036862458802616
 sp_err_abs_rel_linf_norms = 0.006882475218271417 0.7246692731114539
