reading fom    state /home/fnrizzi/waveRuns/romAccuracyScenario1/train3_v2//fom_mesh256x1024_nThreads_36_dt_0.1_T_2000_snaps_true_seismo_true_mat_bilayer_fRank_1_test_6/state_timestep_20000_vp
reading approx state /home/fnrizzi/waveRuns/romAccuracyScenario1/train3_v2//rom_mesh256x1024_nThreads_18_dt_0.1_T_2000_snaps_true_mat_bilayer_fRank_1_nPod_2227_2227_test_6/fomReconstructedState_timestep_20000_vp
 vp_fom_minmax    = -2.9530628690412415e-10 3.686647024980612e-10
 vp_approx_minmax = -2.9583298818623444e-10 3.698726324878338e-10
 vp_err_minmax    = -1.7387514575720318e-11 1.0174184824399701e-11
 vp_err_abs_rel_ltwo_norms = 3.1407524622631814e-10 0.02259183295181371
 vp_err_abs_rel_linf_norms = 1.7387514575720318e-11 0.047163491535541724
