reading fom    state /home/fnrizzi/romAccuracyT4/fom_mesh512x2048_nThreads_36_dt_0.1_T_2000.0_snaps_true_seismo_true_mat_prem_fRank_1_test_2/finalFomState_sp_0
reading approx state /home/fnrizzi/romAccuracyT4/rom_mesh512x2048_nThreads_18_dt_0.1_T_2000.0_snaps_true_mat_prem_fRank_14_nPod_415_415/finalFomState_sp_2
 sp_fom_minmax    = -0.5323036033585555 0.5901295879730385
 sp_approx_minmax = -0.5320414008417472 0.5897301769954862
 sp_err_minmax    = -0.0007606158332815133 0.0007073804609805726
 sp_err_abs_rel_ltwo_norms = 0.04004334141638693 0.0018093010066576425
 sp_err_abs_rel_linf_norms = 0.0007606158332815133 0.0012888962844483979
