reading fom    state /home/fnrizzi/romAccuracyT4/fom_mesh512x2048_nThreads_36_dt_0.1_T_2000.0_snaps_true_seismo_true_mat_prem_fRank_1_test_7/finalFomState_vp_0
reading approx state /home/fnrizzi/romAccuracyT4/rom_mesh512x2048_nThreads_18_dt_0.1_T_2000.0_snaps_true_mat_prem_fRank_14_nPod_415_415/finalFomState_vp_7
 vp_fom_minmax    = -9.530837765569947e-08 9.31448076279754e-08
 vp_approx_minmax = -9.524635945242164e-08 9.312177542088316e-08
 vp_err_minmax    = -1.2962259612988567e-10 1.4414579423488331e-10
 vp_err_abs_rel_ltwo_norms = 5.20489029685704e-09 0.0025592951515787765
 vp_err_abs_rel_linf_norms = 1.4414579423488331e-10 0.001512414729748192
