reading fom    state /home/fnrizzi/romAccuracyT4/fom_mesh512x2048_nThreads_36_dt_0.1_T_2000.0_snaps_true_seismo_true_mat_prem_fRank_1_test_2/finalFomState_vp_0
reading approx state /home/fnrizzi/romAccuracyT4/rom_mesh512x2048_nThreads_18_dt_0.1_T_2000.0_snaps_true_mat_prem_fRank_14_nPod_415_415/finalFomState_vp_2
 vp_fom_minmax    = -4.792533511328501e-08 3.748258399512784e-08
 vp_approx_minmax = -4.792034175278993e-08 3.748403211021097e-08
 vp_err_minmax    = -9.548929972864571e-11 6.552543339958244e-11
 vp_err_abs_rel_ltwo_norms = 2.084909937976614e-09 0.0016189515849374342
 vp_err_abs_rel_linf_norms = 9.548929972864571e-11 0.0019924597189133865
