reading fom    state /home/fnrizzi/romAccuracyT4/fom_mesh512x2048_nThreads_36_dt_0.1_T_2000.0_snaps_true_seismo_true_mat_prem_fRank_1_test_8/finalFomState_vp_0
reading approx state /home/fnrizzi/romAccuracyT4/rom_mesh512x2048_nThreads_18_dt_0.1_T_2000.0_snaps_true_mat_prem_fRank_14_nPod_415_415/finalFomState_vp_8
 vp_fom_minmax    = -1.0545110907453144e-07 1.0641232331090344e-07
 vp_approx_minmax = -1.0540091578078257e-07 1.0637382722810096e-07
 vp_err_minmax    = -2.3764090510116555e-10 2.2706811805501179e-10
 vp_err_abs_rel_ltwo_norms = 9.699054809558107e-09 0.004343022398165442
 vp_err_abs_rel_linf_norms = 2.3764090510116555e-10 0.002233208501677511
