reading fom    state /home/fnrizzi/waveRuns/romAccuracyScenario1/train3/fom_mesh256x1024_nThreads_36_dt_0.1_T_2000_snaps_true_seismo_true_mat_bilayer_fRank_1_test_10/state_timestep_20000_vp
reading approx state /home/fnrizzi/waveRuns/romAccuracyScenario1/train3/rom_mesh256x1024_nThreads_18_dt_0.1_T_2000_snaps_true_mat_bilayer_fRank_1_nPod_104_104_test_10/fomReconstructedState_timestep_20000_vp
 vp_fom_minmax    = -3.8750666631686675e-10 4.688368332535315e-10
 vp_approx_minmax = -1.832253957722053e-09 2.935339400795257e-10
 vp_err_minmax    = -4.216801465186379e-10 1.8321745398035316e-09
 vp_err_abs_rel_ltwo_norms = 1.783736898475837e-08 1.1532816166677375
 vp_err_abs_rel_linf_norms = 1.8321745398035316e-09 3.907915099351318
