reading fom    state /home/fnrizzi/romAccuracyT4/fom_mesh512x2048_nThreads_36_dt_0.1_T_2000.0_snaps_true_seismo_true_mat_prem_fRank_1_test_5/finalFomState_vp_0
reading approx state /home/fnrizzi/romAccuracyT4/rom_mesh512x2048_nThreads_18_dt_0.1_T_2000.0_snaps_true_mat_prem_fRank_6_nPod_393_393/finalFomState_vp_5
 vp_fom_minmax    = -3.959188791929077e-08 2.947016804189463e-08
 vp_approx_minmax = -3.9622990557095323e-08 2.9500196097496132e-08
 vp_err_minmax    = -1.7938950557436475e-10 1.7848872355593526e-10
 vp_err_abs_rel_ltwo_norms = 4.5046645965503014e-09 0.004072065576512815
 vp_err_abs_rel_linf_norms = 1.7938950557436475e-10 0.0045309661903482745
