reading fom    state /home/fnrizzi/romAccuracyT4/fom_mesh512x2048_nThreads_36_dt_0.1_T_2000.0_snaps_true_seismo_true_mat_prem_fRank_1_test_1/finalFomState_vp_0
reading approx state /home/fnrizzi/romAccuracyT4/rom_mesh512x2048_nThreads_18_dt_0.1_T_2000.0_snaps_true_mat_prem_fRank_6_nPod_393_393/finalFomState_vp_1
 vp_fom_minmax    = -8.394216289507892e-08 7.937560613197554e-08
 vp_approx_minmax = -8.406744422978998e-08 7.94523491046323e-08
 vp_err_minmax    = -5.949002963408643e-10 6.830634100048246e-10
 vp_err_abs_rel_ltwo_norms = 2.691471087331745e-08 0.014531234743532125
 vp_err_abs_rel_linf_norms = 6.830634100048246e-10 0.008137310100748774
