reading fom    state /home/fnrizzi/waveRuns/romAccuracyScenario1/train3_v2//fom_mesh256x1024_nThreads_36_dt_0.1_T_2000_snaps_true_seismo_true_mat_bilayer_fRank_1_test_0/state_timestep_20000_sp
reading approx state /home/fnrizzi/waveRuns/romAccuracyScenario1/train3_v2//rom_mesh256x1024_nThreads_18_dt_0.1_T_2000_snaps_true_mat_bilayer_fRank_1_nPod_1914_1914_test_0/fomReconstructedState_timestep_20000_sp
 sp_fom_minmax    = -0.009213783202542989 0.006689449546627719
 sp_approx_minmax = -0.00919326951656742 0.00674227817728596
 sp_err_minmax    = -0.0020392417315373036 0.0008752064645797112
 sp_err_abs_rel_ltwo_norms = 0.008144599471572825 0.021589020583509373
 sp_err_abs_rel_linf_norms = 0.0020392417315373036 0.22132512635791954
