reading fom    state /home/fnrizzi/waveRuns/romAccuracyScenario1/train3_v2//fom_mesh256x1024_nThreads_36_dt_0.1_T_2000_snaps_true_seismo_true_mat_bilayer_fRank_1_test_10/state_timestep_20000_sp
reading approx state /home/fnrizzi/waveRuns/romAccuracyScenario1/train3_v2//rom_mesh256x1024_nThreads_18_dt_0.1_T_2000_snaps_true_mat_bilayer_fRank_1_nPod_1117_1117_test_10/fomReconstructedState_timestep_20000_sp
 sp_fom_minmax    = -0.008965573843383558 0.00881978720381134
 sp_approx_minmax = -0.008897134754191667 0.008708481992755635
 sp_err_minmax    = -0.0026828786145233832 0.004278039193161066
 sp_err_abs_rel_ltwo_norms = 0.03182890532544906 0.08273321082491536
 sp_err_abs_rel_linf_norms = 0.004278039193161066 0.4771628975336795
