reading fom    state /home/fnrizzi/waveRuns/romAccuracyScenario1/train3_v2//fom_mesh256x1024_nThreads_36_dt_0.1_T_2000_snaps_true_seismo_true_mat_bilayer_fRank_1_test_10/state_timestep_20000_vp
reading approx state /home/fnrizzi/waveRuns/romAccuracyScenario1/train3_v2//rom_mesh256x1024_nThreads_18_dt_0.1_T_2000_snaps_true_mat_bilayer_fRank_1_nPod_1117_1117_test_10/fomReconstructedState_timestep_20000_vp
 vp_fom_minmax    = -3.6123257051610133e-10 3.53189916651468e-10
 vp_approx_minmax = -3.571396480307484e-10 3.51108753080494e-10
 vp_err_minmax    = -8.695258876781742e-11 8.615162288710535e-11
 vp_err_abs_rel_ltwo_norms = 1.0445183613230714e-09 0.07284061598470644
 vp_err_abs_rel_linf_norms = 8.695258876781742e-11 0.24071082140679131
