reading fom    state /home/fnrizzi/waveRuns/romAccuracyScenario1/train3/fom_mesh256x1024_nThreads_36_dt_0.1_T_2000_snaps_true_seismo_true_mat_bilayer_fRank_1_test_3/state_timestep_20000_sp
reading approx state /home/fnrizzi/waveRuns/romAccuracyScenario1/train3/rom_mesh256x1024_nThreads_18_dt_0.1_T_2000_snaps_true_mat_bilayer_fRank_1_nPod_2133_2133_test_3/fomReconstructedState_timestep_20000_sp
 sp_fom_minmax    = -0.009013667470569989 0.006445282925537698
 sp_approx_minmax = -0.009017834474387875 0.006459412987665674
 sp_err_minmax    = -0.0002522802604720051 0.0001409923339882906
 sp_err_abs_rel_ltwo_norms = 0.002129649725375873 0.0056637877304409594
 sp_err_abs_rel_linf_norms = 0.0002522802604720051 0.027988636289913178
