reading fom    state /home/fnrizzi/waveRuns/romAccuracyScenario1/train3/fom_mesh256x1024_nThreads_36_dt_0.1_T_2000_snaps_true_seismo_true_mat_bilayer_fRank_1_test_10/state_timestep_20000_vp
reading approx state /home/fnrizzi/waveRuns/romAccuracyScenario1/train3/rom_mesh256x1024_nThreads_18_dt_0.1_T_2000_snaps_true_mat_bilayer_fRank_1_nPod_26_26_test_10/fomReconstructedState_timestep_20000_vp
 vp_fom_minmax    = -3.8750666631686675e-10 4.688368332535315e-10
 vp_approx_minmax = -3.836000173781353e-09 9.101071414537551e-10
 vp_err_minmax    = -9.111945485110014e-10 3.8361898253004685e-09
 vp_err_abs_rel_ltwo_norms = 6.087381347250674e-08 3.9358186778717847
 vp_err_abs_rel_linf_norms = 3.8361898253004685e-09 8.182355892729067
