reading fom    state /home/fnrizzi/waveRuns/romAccuracyScenario1/train3/fom_mesh256x1024_nThreads_36_dt_0.1_T_2000_snaps_true_seismo_true_mat_bilayer_fRank_1_test_10/state_timestep_20000_sp
reading approx state /home/fnrizzi/waveRuns/romAccuracyScenario1/train3/rom_mesh256x1024_nThreads_18_dt_0.1_T_2000_snaps_true_mat_bilayer_fRank_1_nPod_26_26_test_10/fomReconstructedState_timestep_20000_sp
 sp_fom_minmax    = -0.011005515273360815 0.008653253273762637
 sp_approx_minmax = -0.09286827045205553 0.08950720613764415
 sp_err_minmax    = -0.08950793328409322 0.09285825906853051
 sp_err_abs_rel_ltwo_norms = 1.1069699783509994 2.799676776464855
 sp_err_abs_rel_linf_norms = 0.09285825906853051 8.437429485314219
