reading fom    state /home/fnrizzi/waveRuns/romAccuracyScenario1/train3//fom_mesh256x1024_nThreads_36_dt_0.1_T_2000_snaps_true_seismo_true_mat_bilayer_fRank_1_test_10/state_timestep_20000_sp
reading approx state /home/fnrizzi/waveRuns/romAccuracyScenario1/train3//rom_mesh256x1024_nThreads_18_dt_0.1_T_2000_snaps_true_mat_bilayer_fRank_1_nPod_1050_1050_test_10/fomReconstructedState_timestep_20000_sp
 sp_fom_minmax    = -0.008965573843383558 0.00881978720381134
 sp_approx_minmax = -1976153.3445234897 912858.8958898395
 sp_err_minmax    = -912858.8958824755 1976153.3445301896
 sp_err_abs_rel_ltwo_norms = 2951877.474922948 7672846.394338681
 sp_err_abs_rel_linf_norms = 1976153.3445301896 220415712.26236203
