reading fom    state /home/fnrizzi/waveRuns/romAccuracyScenario2/train2/fom_mesh512x2048_nThreads_36_dt_0.1_T_2000_snaps_true_seismo_true_mat_prem_fRank_1_test_10/state_timestep_20000_sp
reading approx state /home/fnrizzi/waveRuns/romAccuracyScenario2/train2/rom_mesh512x2048_nThreads_18_dt_0.1_T_2000_snaps_true_mat_prem_fRank_14_nPod_275_275/fomReconstructedState_timestep_20000_f_10_sp
 sp_fom_minmax    = -2.0760992946412564 1.8039889154082287
 sp_approx_minmax = -46.65358534977797 87.77102033465171
 sp_err_minmax    = -87.77102056916173 46.65356078596828
 sp_err_abs_rel_ltwo_norms = 500.84900730649434 8.619449570303821
 sp_err_abs_rel_linf_norms = 87.77102056916173 42.27688954748588
