reading fom    state /home/fnrizzi/waveRuns/romAccuracyScenario2/train2/fom_mesh512x2048_nThreads_36_dt_0.1_T_2000_snaps_true_seismo_true_mat_prem_fRank_1_test_10/state_timestep_20000_vp
reading approx state /home/fnrizzi/waveRuns/romAccuracyScenario2/train2/rom_mesh512x2048_nThreads_18_dt_0.1_T_2000_snaps_true_mat_prem_fRank_14_nPod_275_275/fomReconstructedState_timestep_20000_f_10_vp
 vp_fom_minmax    = -1.240122250486767e-07 1.404439212047895e-07
 vp_approx_minmax = -2.2806260735483835e-07 2.0752223240227944e-07
 vp_err_minmax    = -2.0754660526737836e-07 2.2808739393754182e-07
 vp_err_abs_rel_ltwo_norms = 4.80830060709775e-06 1.4309805617283107
 vp_err_abs_rel_linf_norms = 2.2808739393754182e-07 1.6240460390233213
