reading fom    state /home/fnrizzi/waveRuns/romAccuracyScenario2/train2/fom_mesh512x2048_nThreads_36_dt_0.1_T_2000_snaps_true_seismo_true_mat_prem_fRank_1_test_6/state_timestep_20000_sp
reading approx state /home/fnrizzi/waveRuns/romAccuracyScenario2/train2/rom_mesh512x2048_nThreads_18_dt_0.1_T_2000_snaps_true_mat_prem_fRank_14_nPod_275_275/fomReconstructedState_timestep_20000_f_6_sp
 sp_fom_minmax    = -1.2055459987463144 1.2320072712135786
 sp_approx_minmax = -1.2657901769945392 1.1906422230290739
 sp_err_minmax    = -0.8118929015521532 0.7076888638731984
 sp_err_abs_rel_ltwo_norms = 11.632696107408366 0.35963862125588714
 sp_err_abs_rel_linf_norms = 0.8118929015521532 0.6590000891410364
