reading fom    state /home/fnrizzi/waveRuns/romAccuracyScenario1/train3/fom_mesh256x1024_nThreads_36_dt_0.1_T_2000_snaps_true_seismo_true_mat_bilayer_fRank_1_test_9/state_timestep_20000_vp
reading approx state /home/fnrizzi/waveRuns/romAccuracyScenario1/train3/rom_mesh256x1024_nThreads_18_dt_0.1_T_2000_snaps_true_mat_bilayer_fRank_1_nPod_204_204_test_9/fomReconstructedState_timestep_20000_vp
 vp_fom_minmax    = -2.5493725350146407e-10 3.447657973496755e-10
 vp_approx_minmax = -2.900447953739164e-10 3.472407799487847e-10
 vp_err_minmax    = -1.190204954500709e-10 2.902061405988143e-10
 vp_err_abs_rel_ltwo_norms = 9.58896947721294e-10 0.07029547755056668
 vp_err_abs_rel_linf_norms = 2.902061405988143e-10 0.841748638727279
