reading fom    state /home/fnrizzi/waveRuns/romAccuracyScenario1/train3_v2//fom_mesh256x1024_nThreads_36_dt_0.1_T_2000_snaps_true_seismo_true_mat_bilayer_fRank_1_test_9/state_timestep_20000_vp
reading approx state /home/fnrizzi/waveRuns/romAccuracyScenario1/train3_v2//rom_mesh256x1024_nThreads_18_dt_0.1_T_2000_snaps_true_mat_bilayer_fRank_1_nPod_2227_2227_test_9/fomReconstructedState_timestep_20000_vp
 vp_fom_minmax    = -2.2241950298866584e-10 3.204729129877815e-10
 vp_approx_minmax = -2.2526979945242226e-10 3.1781177379611824e-10
 vp_err_minmax    = -3.7362122182428065e-11 2.5044295563813113e-11
 vp_err_abs_rel_ltwo_norms = 3.185711845860934e-10 0.023895290862792927
 vp_err_abs_rel_linf_norms = 3.7362122182428065e-11 0.11658433729733829
