reading fom    state /home/fnrizzi/waveRuns/romAccuracyScenario1/train3/fom_mesh256x1024_nThreads_36_dt_0.1_T_2000_snaps_true_seismo_true_mat_bilayer_fRank_1_test_8/state_timestep_20000_sp
reading approx state /home/fnrizzi/waveRuns/romAccuracyScenario1/train3/rom_mesh256x1024_nThreads_18_dt_0.1_T_2000_snaps_true_mat_bilayer_fRank_1_nPod_2340_2340_test_8/fomReconstructedState_timestep_20000_sp
 sp_fom_minmax    = -0.009451244926736184 0.008206349329493007
 sp_approx_minmax = -0.009440775872495076 0.008230791824485361
 sp_err_minmax    = -0.000256046533207591 0.00021205828337068837
 sp_err_abs_rel_ltwo_norms = 0.005884965051081226 0.015395430697501976
 sp_err_abs_rel_linf_norms = 0.000256046533207591 0.02709130227736168
