reading fom    state /home/fnrizzi/romAccuracyT4/fom_mesh512x2048_nThreads_36_dt_0.1_T_2000.0_snaps_true_seismo_true_mat_prem_fRank_1_test_11/finalFomState_vp_0
reading approx state /home/fnrizzi/romAccuracyT4/rom_mesh512x2048_nThreads_18_dt_0.1_T_2000.0_snaps_true_mat_prem_fRank_14_nPod_311_311/finalFomState_vp_11
 vp_fom_minmax    = -3.53420896070475e-08 2.7250806865745653e-08
 vp_approx_minmax = -3.5568402766364415e-08 2.5392377231313105e-08
 vp_err_minmax    = -9.313015284844002e-09 4.652994586424205e-09
 vp_err_abs_rel_ltwo_norms = 2.2706265392696198e-07 0.2250548498286405
 vp_err_abs_rel_linf_norms = 9.313015284844002e-09 0.2635106013365693
