reading fom    state /home/fnrizzi/romAccuracyT4/fom_mesh512x2048_nThreads_36_dt_0.1_T_2000.0_snaps_true_seismo_true_mat_prem_fRank_1_test_2/finalFomState_vp_0
reading approx state /home/fnrizzi/romAccuracyT4/rom_mesh512x2048_nThreads_18_dt_0.1_T_2000.0_snaps_true_mat_prem_fRank_14_nPod_311_311/finalFomState_vp_2
 vp_fom_minmax    = -4.792533511328501e-08 3.748258399512784e-08
 vp_approx_minmax = -4.9215376844728364e-08 3.964049727685901e-08
 vp_err_minmax    = -9.425899285563492e-09 8.162019217527122e-09
 vp_err_abs_rel_ltwo_norms = 1.9529219289512153e-07 0.15164616919630727
 vp_err_abs_rel_linf_norms = 9.425899285563492e-09 0.19667883935047564
