reading fom    state /home/fnrizzi/romAccuracyT4/fom_mesh512x2048_nThreads_36_dt_0.1_T_2000.0_snaps_true_seismo_true_mat_prem_fRank_1_test_4/finalFomState_vp_0
reading approx state /home/fnrizzi/romAccuracyT4/rom_mesh512x2048_nThreads_18_dt_0.1_T_2000.0_snaps_true_mat_prem_fRank_14_nPod_311_311/finalFomState_vp_4
 vp_fom_minmax    = -8.389318122707831e-08 7.931851793649922e-08
 vp_approx_minmax = -8.11929218830376e-08 7.697660332443346e-08
 vp_err_minmax    = -9.736293955491153e-09 3.456953566273517e-08
 vp_err_abs_rel_ltwo_norms = 3.280923267957404e-07 0.17720563068773035
 vp_err_abs_rel_linf_norms = 3.456953566273517e-08 0.412066095922193
