reading fom    state /home/fnrizzi/romAccuracyT4/fom_mesh512x2048_nThreads_36_dt_0.1_T_2000.0_snaps_true_seismo_true_mat_prem_fRank_1_test_11/finalFomState_sp_0
reading approx state /home/fnrizzi/romAccuracyT4/rom_mesh512x2048_nThreads_18_dt_0.1_T_2000.0_snaps_true_mat_prem_fRank_14_nPod_311_311/finalFomState_sp_11
 sp_fom_minmax    = -0.3438349054478519 0.37960949010065237
 sp_approx_minmax = -0.32216509949744043 0.3806944232573344
 sp_err_minmax    = -0.13728566706201187 0.0675957193030159
 sp_err_abs_rel_ltwo_norms = 3.3701035633468672 0.19090283890946252
 sp_err_abs_rel_linf_norms = 0.13728566706201187 0.3616497233133212
