reading fom    state /home/fnrizzi/romAccuracyT4/fom_mesh512x2048_nThreads_36_dt_0.1_T_2000.0_snaps_true_seismo_true_mat_prem_fRank_1_test_6/finalFomState_sp_0
reading approx state /home/fnrizzi/romAccuracyT4/rom_mesh512x2048_nThreads_18_dt_0.1_T_2000.0_snaps_true_mat_prem_fRank_14_nPod_170_170/finalFomState_sp_6
 sp_fom_minmax    = -1.2055459987463144 1.2320072712135786
 sp_approx_minmax = -0.8620193626911945 1.5549188936977771
 sp_err_minmax    = -1.5549193121838214 0.8621275311841938
 sp_err_abs_rel_ltwo_norms = 38.12401394180355 1.178649187099333
 sp_err_abs_rel_linf_norms = 1.5549193121838214 1.262102382441429
