reading fom    state /home/fnrizzi/waveRuns/romAccuracyScenario2/train2/fom_mesh512x2048_nThreads_36_dt_0.1_T_2000_snaps_true_seismo_true_mat_prem_fRank_1_test_8/state_timestep_20000_sp
reading approx state /home/fnrizzi/waveRuns/romAccuracyScenario2/train2/rom_mesh512x2048_nThreads_18_dt_0.1_T_2000_snaps_true_mat_prem_fRank_14_nPod_393_393/fomReconstructedState_timestep_20000_f_8_sp
 sp_fom_minmax    = -1.5470657008854076 1.472142316594941
 sp_approx_minmax = -1.5453561954411126 1.468747632609464
 sp_err_minmax    = -0.009151280876105117 0.006721466524102207
 sp_err_abs_rel_ltwo_norms = 0.3407133129092442 0.008879352423026933
 sp_err_abs_rel_linf_norms = 0.009151280876105117 0.005915250316045213
