reading fom    state /home/fnrizzi/waveRuns/romAccuracyScenario2/train2/fom_mesh512x2048_nThreads_36_dt_0.1_T_2000_snaps_true_seismo_true_mat_prem_fRank_1_test_0/state_timestep_20000_sp
reading approx state /home/fnrizzi/waveRuns/romAccuracyScenario2/train2/rom_mesh512x2048_nThreads_18_dt_0.1_T_2000_snaps_true_mat_prem_fRank_14_nPod_393_393/fomReconstructedState_timestep_20000_f_0_sp
 sp_fom_minmax    = -0.8303701152900599 0.9035025046754709
 sp_approx_minmax = -0.8300829430022909 0.9038139328234965
 sp_err_minmax    = -0.006276252509340996 0.004167620996697563
 sp_err_abs_rel_ltwo_norms = 0.25837088812265535 0.00968486081933073
 sp_err_abs_rel_linf_norms = 0.006276252509340996 0.00694658008900082
