reading fom    state /home/fnrizzi/waveRuns/romAccuracyScenario1/train3_v2//fom_mesh256x1024_nThreads_36_dt_0.1_T_2000_snaps_true_seismo_true_mat_bilayer_fRank_1_test_5/state_timestep_20000_sp
reading approx state /home/fnrizzi/waveRuns/romAccuracyScenario1/train3_v2//rom_mesh256x1024_nThreads_18_dt_0.1_T_2000_snaps_true_mat_bilayer_fRank_1_nPod_28_28_test_5/fomReconstructedState_timestep_20000_sp
 sp_fom_minmax    = -0.009473877919240956 0.008082417909518549
 sp_approx_minmax = -0.05412912771251549 0.05573151460418978
 sp_err_minmax    = -0.055725450139254534 0.05412473029665585
 sp_err_abs_rel_ltwo_norms = 0.9559934287646956 2.5036589077372144
 sp_err_abs_rel_linf_norms = 0.055725450139254534 5.882010578379845
