reading fom    state /home/fnrizzi/waveRuns/romAccuracyScenario1/train3_v2//fom_mesh256x1024_nThreads_36_dt_0.1_T_2000_snaps_true_seismo_true_mat_bilayer_fRank_1_test_13/state_timestep_20000_vp
reading approx state /home/fnrizzi/waveRuns/romAccuracyScenario1/train3_v2//rom_mesh256x1024_nThreads_18_dt_0.1_T_2000_snaps_true_mat_bilayer_fRank_1_nPod_1117_1117_test_13/fomReconstructedState_timestep_20000_vp
 vp_fom_minmax    = -2.1753833977711014e-10 3.2981670943535316e-10
 vp_approx_minmax = -2.1728061484378565e-10 3.305997391782246e-10
 vp_err_minmax    = -2.3623813889892108e-11 8.50217555731692e-11
 vp_err_abs_rel_ltwo_norms = 3.854402219838166e-10 0.0290370786696289
 vp_err_abs_rel_linf_norms = 8.50217555731692e-11 0.25778486395891403
