reading fom    state /home/fnrizzi/waveRuns/romAccuracyScenario1/train3_v2//fom_mesh256x1024_nThreads_36_dt_0.1_T_2000_snaps_true_seismo_true_mat_bilayer_fRank_1_test_11/state_timestep_20000_sp
reading approx state /home/fnrizzi/waveRuns/romAccuracyScenario1/train3_v2//rom_mesh256x1024_nThreads_18_dt_0.1_T_2000_snaps_true_mat_bilayer_fRank_1_nPod_2329_2329_test_11/fomReconstructedState_timestep_20000_sp
 sp_fom_minmax    = -0.008419269717898732 0.0056689331623171885
 sp_approx_minmax = -0.008954467095183364 0.005956729770860244
 sp_err_minmax    = -0.003283446005666978 0.0016980226157622
 sp_err_abs_rel_ltwo_norms = 0.028681350976181366 0.07810008487745769
 sp_err_abs_rel_linf_norms = 0.003283446005666978 0.38999178262297735
