reading fom    state /home/fnrizzi/waveRuns/romAccuracyScenario1/train3_v2//fom_mesh256x1024_nThreads_36_dt_0.1_T_2000_snaps_true_seismo_true_mat_bilayer_fRank_1_test_11/state_timestep_20000_vp
reading approx state /home/fnrizzi/waveRuns/romAccuracyScenario1/train3_v2//rom_mesh256x1024_nThreads_18_dt_0.1_T_2000_snaps_true_mat_bilayer_fRank_1_nPod_2329_2329_test_11/fomReconstructedState_timestep_20000_vp
 vp_fom_minmax    = -2.336509731008229e-10 3.559504912376944e-10
 vp_approx_minmax = -2.344154523695568e-10 3.4920497688670646e-10
 vp_err_minmax    = -2.5916983554193746e-11 2.2517995802794003e-11
 vp_err_abs_rel_ltwo_norms = 1.0504836933913745e-09 0.08013180846845121
 vp_err_abs_rel_linf_norms = 2.5916983554193746e-11 0.07281064134530739
