reading fom    state /home/fnrizzi/waveRuns/romAccuracyScenario1/train3_v2//fom_mesh256x1024_nThreads_36_dt_0.1_T_2000_snaps_true_seismo_true_mat_bilayer_fRank_1_test_9/state_timestep_20000_vp
reading approx state /home/fnrizzi/waveRuns/romAccuracyScenario1/train3_v2//rom_mesh256x1024_nThreads_18_dt_0.1_T_2000_snaps_true_mat_bilayer_fRank_1_nPod_28_28_test_9/fomReconstructedState_timestep_20000_vp
 vp_fom_minmax    = -2.2241950298866584e-10 3.204729129877815e-10
 vp_approx_minmax = -1.6480125191179858e-09 1.2902680591790003e-09
 vp_err_minmax    = -1.2908897597307337e-09 1.6473479801916977e-09
 vp_err_abs_rel_ltwo_norms = 3.5826135076240303e-08 2.6872358818288435
 vp_err_abs_rel_linf_norms = 1.6473479801916977e-09 5.1403657327335655
