reading fom    state /home/fnrizzi/waveRuns/romAccuracyScenario1/train3_v2//fom_mesh256x1024_nThreads_36_dt_0.1_T_2000_snaps_true_seismo_true_mat_bilayer_fRank_1_test_9/state_timestep_20000_sp
reading approx state /home/fnrizzi/waveRuns/romAccuracyScenario1/train3_v2//rom_mesh256x1024_nThreads_18_dt_0.1_T_2000_snaps_true_mat_bilayer_fRank_1_nPod_28_28_test_9/fomReconstructedState_timestep_20000_sp
 sp_fom_minmax    = -0.008091522011671912 0.0057444553018969734
 sp_approx_minmax = -0.02159749558389775 0.011927723816321385
 sp_err_minmax    = -0.011925416011700218 0.021604987080031057
 sp_err_abs_rel_ltwo_norms = 0.8160638861998447 2.198171333330896
 sp_err_abs_rel_linf_norms = 0.021604987080031057 2.6700770323390524
