reading fom    state /home/fnrizzi/waveRuns/romAccuracyScenario1/train3_v2//fom_mesh256x1024_nThreads_36_dt_0.1_T_2000_snaps_true_seismo_true_mat_bilayer_fRank_1_test_12/state_timestep_20000_sp
reading approx state /home/fnrizzi/waveRuns/romAccuracyScenario1/train3_v2//rom_mesh256x1024_nThreads_18_dt_0.1_T_2000_snaps_true_mat_bilayer_fRank_1_nPod_117_117_test_12/fomReconstructedState_timestep_20000_sp
 sp_fom_minmax    = -0.009224853803041584 0.008569853232973768
 sp_approx_minmax = -0.03335996765984698 0.02707698645150789
 sp_err_minmax    = -0.027075658290669765 0.033355727732621195
 sp_err_abs_rel_ltwo_norms = 0.10588057603810827 0.27616212798520007
 sp_err_abs_rel_linf_norms = 0.033355727732621195 3.6158543479164154
