reading fom    state /home/fnrizzi/waveRuns/romAccuracyScenario1/train3/fom_mesh256x1024_nThreads_36_dt_0.1_T_2000_snaps_true_seismo_true_mat_bilayer_fRank_1_test_6/state_timestep_20000_sp
reading approx state /home/fnrizzi/waveRuns/romAccuracyScenario1/train3/rom_mesh256x1024_nThreads_18_dt_0.1_T_2000_snaps_true_mat_bilayer_fRank_1_nPod_1050_1050_test_6/fomReconstructedState_timestep_20000_sp
 sp_fom_minmax    = -0.009521278842316782 0.007851867327942496
 sp_approx_minmax = -9.712651793806119 4.600045383037751
 sp_err_minmax    = -4.600031790173109 9.712653902292585
 sp_err_abs_rel_ltwo_norms = 13.765562538277424 36.11314342482413
 sp_err_abs_rel_linf_norms = 9.712653902292585 1020.0997222269395
