reading fom    state /home/fnrizzi/waveRuns/romAccuracyScenario1/train3/fom_mesh256x1024_nThreads_36_dt_0.1_T_2000_snaps_true_seismo_true_mat_bilayer_fRank_1_test_7/state_timestep_20000_vp
reading approx state /home/fnrizzi/waveRuns/romAccuracyScenario1/train3/rom_mesh256x1024_nThreads_18_dt_0.1_T_2000_snaps_true_mat_bilayer_fRank_1_nPod_204_204_test_7/fomReconstructedState_timestep_20000_vp
 vp_fom_minmax    = -3.2233503147477926e-10 3.724589498060381e-10
 vp_approx_minmax = -3.1986565235886264e-10 3.746110165978895e-10
 vp_err_minmax    = -1.2040791619432648e-10 2.152103139041703e-10
 vp_err_abs_rel_ltwo_norms = 8.748441599221792e-10 0.062258995082162566
 vp_err_abs_rel_linf_norms = 2.152103139041703e-10 0.5778094848203899
