reading fom    state /home/fnrizzi/waveRuns/romAccuracyScenario1/train3_v2//fom_mesh256x1024_nThreads_36_dt_0.1_T_2000_snaps_true_seismo_true_mat_bilayer_fRank_1_test_8/state_timestep_20000_vp
reading approx state /home/fnrizzi/waveRuns/romAccuracyScenario1/train3_v2//rom_mesh256x1024_nThreads_18_dt_0.1_T_2000_snaps_true_mat_bilayer_fRank_1_nPod_2227_2227_test_8/fomReconstructedState_timestep_20000_vp
 vp_fom_minmax    = -3.2162516863651766e-10 3.723770933164741e-10
 vp_approx_minmax = -3.231909999948969e-10 3.725161358379479e-10
 vp_err_minmax    = -2.637821507177642e-11 9.491383947120652e-12
 vp_err_abs_rel_ltwo_norms = 3.910034415206192e-10 0.02783423208856038
 vp_err_abs_rel_linf_norms = 2.637821507177642e-11 0.07083737304259537
