reading fom    state /home/fnrizzi/waveRuns/romAccuracyScenario1/train3_v2//fom_mesh256x1024_nThreads_36_dt_0.1_T_2000_snaps_true_seismo_true_mat_bilayer_fRank_1_test_3/state_timestep_20000_vp
reading approx state /home/fnrizzi/waveRuns/romAccuracyScenario1/train3_v2//rom_mesh256x1024_nThreads_18_dt_0.1_T_2000_snaps_true_mat_bilayer_fRank_1_nPod_222_222_test_3/fomReconstructedState_timestep_20000_vp
 vp_fom_minmax    = -2.19983787037272e-10 3.251192024404941e-10
 vp_approx_minmax = -2.199618837082727e-10 3.3064065248211803e-10
 vp_err_minmax    = -2.9760858255918365e-10 1.1382008539972209e-10
 vp_err_abs_rel_ltwo_norms = 8.889956576819647e-10 0.066820242597515
 vp_err_abs_rel_linf_norms = 2.9760858255918365e-10 0.9153829743835397
