reading fom    state /home/fnrizzi/waveRuns/romAccuracyScenario1/train3_v2//fom_mesh256x1024_nThreads_36_dt_0.1_T_2000_snaps_true_seismo_true_mat_bilayer_fRank_1_test_12/state_timestep_20000_sp
reading approx state /home/fnrizzi/waveRuns/romAccuracyScenario1/train3_v2//rom_mesh256x1024_nThreads_18_dt_0.1_T_2000_snaps_true_mat_bilayer_fRank_1_nPod_28_28_test_12/fomReconstructedState_timestep_20000_sp
 sp_fom_minmax    = -0.009224853803041584 0.008569853232973768
 sp_approx_minmax = -0.12686180817045317 0.12933782229081764
 sp_err_minmax    = -0.12933649412997952 0.12686516243138338
 sp_err_abs_rel_ltwo_norms = 1.1555475119812593 3.013947145337514
 sp_err_abs_rel_linf_norms = 0.12933649412997952 14.02043836047951
