reading fom    state /home/fnrizzi/romAccuracyT4/fom_mesh512x2048_nThreads_36_dt_0.1_T_2000.0_snaps_true_seismo_true_mat_prem_fRank_1_test_1/finalFomState_vp_0
reading approx state /home/fnrizzi/romAccuracyT4/rom_mesh512x2048_nThreads_18_dt_0.1_T_2000.0_snaps_true_mat_prem_fRank_6_nPod_369_369/finalFomState_vp_1
 vp_fom_minmax    = -8.394216289507892e-08 7.937560613197554e-08
 vp_approx_minmax = -8.367424806065707e-08 7.951408136571257e-08
 vp_err_minmax    = -1.1032116126217174e-09 1.0442218186016605e-09
 vp_err_abs_rel_ltwo_norms = 4.782460741688531e-08 0.025820474169796263
 vp_err_abs_rel_linf_norms = 1.1032116126217174e-09 0.013142520690116656
