reading fom    state /home/fnrizzi/romAccuracyT4/fom_mesh512x2048_nThreads_36_dt_0.1_T_2000.0_snaps_true_seismo_true_mat_prem_fRank_1_test_4/finalFomState_vp_0
reading approx state /home/fnrizzi/romAccuracyT4/rom_mesh512x2048_nThreads_18_dt_0.1_T_2000.0_snaps_true_mat_prem_fRank_6_nPod_369_369/finalFomState_vp_4
 vp_fom_minmax    = -1.203220505688684e-07 1.3162000284543027e-07
 vp_approx_minmax = -1.2022279163229425e-07 1.315987711286263e-07
 vp_err_minmax    = -1.759505454066223e-08 7.834887203769274e-09
 vp_err_abs_rel_ltwo_norms = 9.892002708000911e-08 0.03534370807210284
 vp_err_abs_rel_linf_norms = 1.759505454066223e-08 0.13368070323874115
