reading fom    state /home/fnrizzi/romAccuracyT4/fom_mesh512x2048_nThreads_36_dt_0.1_T_2000.0_snaps_true_seismo_true_mat_prem_fRank_1_test_5/finalFomState_sp_0
reading approx state /home/fnrizzi/romAccuracyT4/rom_mesh512x2048_nThreads_18_dt_0.1_T_2000.0_snaps_true_mat_prem_fRank_6_nPod_369_369/finalFomState_sp_5
 sp_fom_minmax    = -0.3882001245748058 0.39643063846874643
 sp_approx_minmax = -0.39001720577942606 0.3959909733261389
 sp_err_minmax    = -0.002780636662966523 0.0032111667459352455
 sp_err_abs_rel_ltwo_norms = 0.16272338377683382 0.008471585023932103
 sp_err_abs_rel_linf_norms = 0.0032111667459352455 0.008100198204504836
