reading fom    state /home/fnrizzi/waveRuns/romAccuracyScenario1/train3_v2//fom_mesh256x1024_nThreads_36_dt_0.1_T_2000_snaps_true_seismo_true_mat_bilayer_fRank_1_test_10/state_timestep_20000_sp
reading approx state /home/fnrizzi/waveRuns/romAccuracyScenario1/train3_v2//rom_mesh256x1024_nThreads_18_dt_0.1_T_2000_snaps_true_mat_bilayer_fRank_1_nPod_117_117_test_10/fomReconstructedState_timestep_20000_sp
 sp_fom_minmax    = -0.008965573843383558 0.00881978720381134
 sp_approx_minmax = -0.009193691015673773 0.010682610073365037
 sp_err_minmax    = -0.010675246141526883 0.00875302719530066
 sp_err_abs_rel_ltwo_norms = 0.09942715582186208 0.2584420595123238
 sp_err_abs_rel_linf_norms = 0.010675246141526883 1.190693013967537
