reading fom    state /home/fnrizzi/waveRuns/romAccuracyScenario1/train3_v2//fom_mesh256x1024_nThreads_36_dt_0.1_T_2000_snaps_true_seismo_true_mat_bilayer_fRank_1_test_2/state_timestep_20000_sp
reading approx state /home/fnrizzi/waveRuns/romAccuracyScenario1/train3_v2//rom_mesh256x1024_nThreads_18_dt_0.1_T_2000_snaps_true_mat_bilayer_fRank_1_nPod_2329_2329_test_2/fomReconstructedState_timestep_20000_sp
 sp_fom_minmax    = -0.0085811839429736 0.006066039159128929
 sp_approx_minmax = -0.008680089159512525 0.006192323463622544
 sp_err_minmax    = -0.0015497710969777682 0.0003618491343878064
 sp_err_abs_rel_ltwo_norms = 0.01253462663109838 0.03354057402088784
 sp_err_abs_rel_linf_norms = 0.0015497710969777682 0.18060108107188913
