reading fom    state /home/fnrizzi/waveRuns/romAccuracyScenario1/train3_v2//fom_mesh256x1024_nThreads_36_dt_0.1_T_2000_snaps_true_seismo_true_mat_bilayer_fRank_1_test_11/state_timestep_20000_vp
reading approx state /home/fnrizzi/waveRuns/romAccuracyScenario1/train3_v2//rom_mesh256x1024_nThreads_18_dt_0.1_T_2000_snaps_true_mat_bilayer_fRank_1_nPod_1117_1117_test_11/fomReconstructedState_timestep_20000_vp
 vp_fom_minmax    = -2.336509731008229e-10 3.559504912376944e-10
 vp_approx_minmax = -2.3027506709724918e-10 3.619413863296277e-10
 vp_err_minmax    = -1.936213005837669e-10 2.0512146382520407e-10
 vp_err_abs_rel_ltwo_norms = 1.854573248967022e-09 0.14146845811301093
 vp_err_abs_rel_linf_norms = 2.0512146382520407e-10 0.5762640279325513
