reading fom    state /home/fnrizzi/waveRuns/romAccuracyScenario1/train3_v2//fom_mesh256x1024_nThreads_36_dt_0.1_T_2000_snaps_true_seismo_true_mat_bilayer_fRank_1_test_13/state_timestep_20000_sp
reading approx state /home/fnrizzi/waveRuns/romAccuracyScenario1/train3_v2//rom_mesh256x1024_nThreads_18_dt_0.1_T_2000_snaps_true_mat_bilayer_fRank_1_nPod_2385_2385_test_13/fomReconstructedState_timestep_20000_sp
 sp_fom_minmax    = -0.007890712083200184 0.00563839536579213
 sp_approx_minmax = -0.007891023388879466 0.005637982894266535
 sp_err_minmax    = -2.1459394252577514e-05 2.3857641352300344e-05
 sp_err_abs_rel_ltwo_norms = 0.00019708896464766396 0.0005323389286450444
 sp_err_abs_rel_linf_norms = 2.3857641352300344e-05 0.0030235092981145194
