reading fom    state /home/fnrizzi/waveRuns/romAccuracyScenario2/train2/fom_mesh512x2048_nThreads_36_dt_0.1_T_2000_snaps_true_seismo_true_mat_prem_fRank_1_test_9/state_timestep_20000_sp
reading approx state /home/fnrizzi/waveRuns/romAccuracyScenario2/train2/rom_mesh512x2048_nThreads_18_dt_0.1_T_2000_snaps_true_mat_prem_fRank_14_nPod_415_415/fomReconstructedState_timestep_20000_f_9_sp
 sp_fom_minmax    = -0.42112955016071196 0.43925576279258444
 sp_approx_minmax = -0.4209656806351025 0.4391434068649506
 sp_err_minmax    = -0.0006369722041842107 0.0006945682120128582
 sp_err_abs_rel_ltwo_norms = 0.023124871933767933 0.0011584682777431158
 sp_err_abs_rel_linf_norms = 0.0006945682120128582 0.0015812387015644727
