reading fom    state /home/fnrizzi/waveRuns/romAccuracyScenario2/train2/fom_mesh512x2048_nThreads_36_dt_0.1_T_2000_snaps_true_seismo_true_mat_prem_fRank_1_test_3/state_timestep_20000_vp
reading approx state /home/fnrizzi/waveRuns/romAccuracyScenario2/train2/rom_mesh512x2048_nThreads_18_dt_0.1_T_2000_snaps_true_mat_prem_fRank_14_nPod_415_415/fomReconstructedState_timestep_20000_f_3_vp
 vp_fom_minmax    = -4.0715528577268895e-08 3.066340105088159e-08
 vp_approx_minmax = -4.0716308211539204e-08 3.0663693944936933e-08
 vp_err_minmax    = -3.0093020316732763e-11 3.0232944402212465e-11
 vp_err_abs_rel_ltwo_norms = 1.5044122333798976e-09 0.001330806356820525
 vp_err_abs_rel_linf_norms = 3.0232944402212465e-11 0.0007425408795771164
