reading fom    state /home/fnrizzi/waveRuns/romAccuracyScenario2/train2/fom_mesh512x2048_nThreads_36_dt_0.1_T_2000_snaps_true_seismo_true_mat_prem_fRank_1_test_6/state_timestep_20000_vp
reading approx state /home/fnrizzi/waveRuns/romAccuracyScenario2/train2/rom_mesh512x2048_nThreads_18_dt_0.1_T_2000_snaps_true_mat_prem_fRank_14_nPod_415_415/fomReconstructedState_timestep_20000_f_6_vp
 vp_fom_minmax    = -8.643974753651675e-08 8.230998906129439e-08
 vp_approx_minmax = -8.639249203776473e-08 8.230395981255068e-08
 vp_err_minmax    = -1.0669796450793836e-10 1.5709904057131097e-10
 vp_err_abs_rel_ltwo_norms = 4.55133949464825e-09 0.002408803769808516
 vp_err_abs_rel_linf_norms = 1.5709904057131097e-10 0.001817439835822565
