reading fom    state /home/fnrizzi/waveRuns/romAccuracyScenario2/train2/fom_mesh512x2048_nThreads_36_dt_0.1_T_2000_snaps_true_seismo_true_mat_prem_fRank_1_test_13/state_timestep_20000_sp
reading approx state /home/fnrizzi/waveRuns/romAccuracyScenario2/train2/rom_mesh512x2048_nThreads_18_dt_0.1_T_2000_snaps_true_mat_prem_fRank_14_nPod_415_415/fomReconstructedState_timestep_20000_f_13_sp
 sp_fom_minmax    = -0.3882001245748058 0.39643063846874643
 sp_approx_minmax = -0.38810854799977 0.39644031095166044
 sp_err_minmax    = -0.0003053245212895982 0.00019380113860134607
 sp_err_abs_rel_ltwo_norms = 0.011496039314871968 0.0005984983364650813
 sp_err_abs_rel_linf_norms = 0.0003053245212895982 0.0007701839657725375
