reading fom    state /home/fnrizzi/waveRuns/romAccuracyScenario2/train2/fom_mesh512x2048_nThreads_36_dt_0.1_T_2000_snaps_true_seismo_true_mat_prem_fRank_1_test_10/state_timestep_20000_vp
reading approx state /home/fnrizzi/waveRuns/romAccuracyScenario2/train2/rom_mesh512x2048_nThreads_18_dt_0.1_T_2000_snaps_true_mat_prem_fRank_14_nPod_415_415/fomReconstructedState_timestep_20000_f_10_vp
 vp_fom_minmax    = -1.240122250486767e-07 1.404439212047895e-07
 vp_approx_minmax = -1.2406513566287076e-07 1.4043955349159135e-07
 vp_err_minmax    = -1.3173076157264373e-08 5.37250344862707e-09
 vp_err_abs_rel_ltwo_norms = 5.855246160807745e-08 0.01742558156177249
 vp_err_abs_rel_linf_norms = 1.3173076157264373e-08 0.09379598664192763
