reading fom    state /home/fnrizzi/waveRuns/romAccuracyScenario2/train2/fom_mesh512x2048_nThreads_36_dt_0.1_T_2000_snaps_true_seismo_true_mat_prem_fRank_1_test_7/state_timestep_20000_vp
reading approx state /home/fnrizzi/waveRuns/romAccuracyScenario2/train2/rom_mesh512x2048_nThreads_18_dt_0.1_T_2000_snaps_true_mat_prem_fRank_14_nPod_415_415/fomReconstructedState_timestep_20000_f_7_vp
 vp_fom_minmax    = -9.530837765569947e-08 9.31448076279754e-08
 vp_approx_minmax = -9.524744096625596e-08 9.312248976482573e-08
 vp_err_minmax    = -1.3008197046343897e-10 1.412718904346158e-10
 vp_err_abs_rel_ltwo_norms = 5.270826271048401e-09 0.0025917165110000253
 vp_err_abs_rel_linf_norms = 1.412718904346158e-10 0.001482260992259873
