reading fom    state /home/fnrizzi/waveRuns/romAccuracyScenario2/train2/fom_mesh512x2048_nThreads_36_dt_0.1_T_2000_snaps_true_seismo_true_mat_prem_fRank_1_test_12/state_timestep_20000_vp
reading approx state /home/fnrizzi/waveRuns/romAccuracyScenario2/train2/rom_mesh512x2048_nThreads_18_dt_0.1_T_2000_snaps_true_mat_prem_fRank_14_nPod_415_415/fomReconstructedState_timestep_20000_f_12_vp
 vp_fom_minmax    = -1.203220505688684e-07 1.3162000284543027e-07
 vp_approx_minmax = -1.203236404350057e-07 1.3161821890201563e-07
 vp_err_minmax    = -7.773269597240931e-10 2.8004190029752444e-10
 vp_err_abs_rel_ltwo_norms = 3.365206687640849e-09 0.001202374142842333
 vp_err_abs_rel_linf_norms = 7.773269597240931e-10 0.005905842143438924
