reading fom    state /home/fnrizzi/waveRuns/romAccuracyScenario1/train3/fom_mesh256x1024_nThreads_36_dt_0.1_T_2000_snaps_true_seismo_true_mat_bilayer_fRank_1_test_8/state_timestep_20000_vp
reading approx state /home/fnrizzi/waveRuns/romAccuracyScenario1/train3/rom_mesh256x1024_nThreads_18_dt_0.1_T_2000_snaps_true_mat_bilayer_fRank_1_nPod_104_104_test_8/fomReconstructedState_timestep_20000_vp
 vp_fom_minmax    = -3.316282419542549e-10 3.710817387922208e-10
 vp_approx_minmax = -3.239135872264062e-10 1.50503443392957e-09
 vp_err_minmax    = -1.5053998476056529e-09 1.1900026921711645e-10
 vp_err_abs_rel_ltwo_norms = 3.9879339503318925e-09 0.28277691190929516
 vp_err_abs_rel_linf_norms = 1.5053998476056529e-09 4.056787737670295
