reading fom    state /home/fnrizzi/waveRuns/romAccuracyScenario1/train3/fom_mesh256x1024_nThreads_36_dt_0.1_T_2000_snaps_true_seismo_true_mat_bilayer_fRank_1_test_13/state_timestep_20000_vp
reading approx state /home/fnrizzi/waveRuns/romAccuracyScenario1/train3/rom_mesh256x1024_nThreads_18_dt_0.1_T_2000_snaps_true_mat_bilayer_fRank_1_nPod_1050_1050_test_13/fomReconstructedState_timestep_20000_vp
 vp_fom_minmax    = -2.5007619759604187e-10 3.4131847806780713e-10
 vp_approx_minmax = -2.5007053932679107e-10 3.4153093608174424e-10
 vp_err_minmax    = -5.2825287602161404e-11 8.630250064213158e-11
 vp_err_abs_rel_ltwo_norms = 5.501282150483444e-10 0.04044069204886361
 vp_err_abs_rel_linf_norms = 8.630250064213158e-11 0.25285036172283215
