reading fom    state /home/fnrizzi/romAccuracyT4/fom_mesh512x2048_nThreads_36_dt_0.1_T_2000.0_snaps_true_seismo_true_mat_prem_fRank_1_test_12/finalFomState_vp_0
reading approx state /home/fnrizzi/romAccuracyT4/rom_mesh512x2048_nThreads_18_dt_0.1_T_2000.0_snaps_true_mat_prem_fRank_14_nPod_415_415/finalFomState_vp_12
 vp_fom_minmax    = -1.203220505688684e-07 1.3162000284543027e-07
 vp_approx_minmax = -1.2032386243287832e-07 1.3161749598837803e-07
 vp_err_minmax    = -8.102071186864537e-10 2.8466798355432867e-10
 vp_err_abs_rel_ltwo_norms = 3.4679857848986678e-09 0.0012390966803974073
 vp_err_abs_rel_linf_norms = 8.102071186864537e-10 0.006155653405037009
