reading fom    state /home/fnrizzi/waveRuns/romAccuracyScenario1/train3/fom_mesh256x1024_nThreads_36_dt_0.1_T_2000_snaps_true_seismo_true_mat_bilayer_fRank_1_test_9/state_timestep_20000_vp
reading approx state /home/fnrizzi/waveRuns/romAccuracyScenario1/train3/rom_mesh256x1024_nThreads_18_dt_0.1_T_2000_snaps_true_mat_bilayer_fRank_1_nPod_2133_2133_test_9/fomReconstructedState_timestep_20000_vp
 vp_fom_minmax    = -2.5493725350146407e-10 3.447657973496755e-10
 vp_approx_minmax = -2.5550350111143805e-10 3.4522741800896013e-10
 vp_err_minmax    = -2.059793881133702e-11 1.6321810192352217e-11
 vp_err_abs_rel_ltwo_norms = 1.3166917985815237e-10 0.009652494878428257
 vp_err_abs_rel_linf_norms = 2.059793881133702e-11 0.05974472807244783
