reading fom    state /home/fnrizzi/waveRuns/romAccuracyScenario1/train3/fom_mesh256x1024_nThreads_36_dt_0.1_T_2000_snaps_true_seismo_true_mat_bilayer_fRank_1_test_9/state_timestep_20000_sp
reading approx state /home/fnrizzi/waveRuns/romAccuracyScenario1/train3/rom_mesh256x1024_nThreads_18_dt_0.1_T_2000_snaps_true_mat_bilayer_fRank_1_nPod_2133_2133_test_9/fomReconstructedState_timestep_20000_sp
 sp_fom_minmax    = -0.009061482522348773 0.0064894097151584045
 sp_approx_minmax = -0.00906842307101099 0.00651309651466944
 sp_err_minmax    = -0.0002484377642072877 0.00022788786046134966
 sp_err_abs_rel_ltwo_norms = 0.0035552704177241 0.009448379517373724
 sp_err_abs_rel_linf_norms = 0.0002484377642072877 0.027416900445876666
