reading fom    state /home/fnrizzi/waveRuns/romAccuracyScenario1/train3/fom_mesh256x1024_nThreads_36_dt_0.1_T_2000_snaps_true_seismo_true_mat_bilayer_fRank_1_test_4/state_timestep_20000_sp
reading approx state /home/fnrizzi/waveRuns/romAccuracyScenario1/train3/rom_mesh256x1024_nThreads_18_dt_0.1_T_2000_snaps_true_mat_bilayer_fRank_1_nPod_2133_2133_test_4/fomReconstructedState_timestep_20000_sp
 sp_fom_minmax    = -0.009519839330177566 0.007797777071990026
 sp_approx_minmax = -0.009522170596087778 0.007798181527109653
 sp_err_minmax    = -0.000869124470305057 0.0003778768244375898
 sp_err_abs_rel_ltwo_norms = 0.004782131198933678 0.012550460253988507
 sp_err_abs_rel_linf_norms = 0.000869124470305057 0.09129612802917399
