reading fom    state /home/fnrizzi/waveRuns/romAccuracyScenario1/train3_v2//fom_mesh256x1024_nThreads_36_dt_0.1_T_2000_snaps_true_seismo_true_mat_bilayer_fRank_1_test_2/state_timestep_20000_vp
reading approx state /home/fnrizzi/waveRuns/romAccuracyScenario1/train3_v2//rom_mesh256x1024_nThreads_18_dt_0.1_T_2000_snaps_true_mat_bilayer_fRank_1_nPod_222_222_test_2/fomReconstructedState_timestep_20000_vp
 vp_fom_minmax    = -2.3594209813578896e-10 3.2485424311721286e-10
 vp_approx_minmax = -2.3619339158556223e-10 3.300580216653556e-10
 vp_err_minmax    = -2.956349643882435e-10 1.625374291948222e-10
 vp_err_abs_rel_ltwo_norms = 1.115495655249491e-09 0.0827637757388957
 vp_err_abs_rel_linf_norms = 2.956349643882435e-10 0.9100541878456347
