reading fom    state /home/fnrizzi/waveRuns/romAccuracyScenario1/train3/fom_mesh256x1024_nThreads_36_dt_0.1_T_2000_snaps_true_seismo_true_mat_bilayer_fRank_1_test_10/state_timestep_20000_vp
reading approx state /home/fnrizzi/waveRuns/romAccuracyScenario1/train3/rom_mesh256x1024_nThreads_18_dt_0.1_T_2000_snaps_true_mat_bilayer_fRank_1_nPod_204_204_test_10/fomReconstructedState_timestep_20000_vp
 vp_fom_minmax    = -3.8750666631686675e-10 4.688368332535315e-10
 vp_approx_minmax = -3.3285362622160733e-10 3.449554050195813e-10
 vp_err_minmax    = -2.471128337847962e-10 3.290799598689302e-10
 vp_err_abs_rel_ltwo_norms = 1.031634392684499e-08 0.6670069903368854
 vp_err_abs_rel_linf_norms = 3.290799598689302e-10 0.7019072234262248
