reading fom    state /home/fnrizzi/waveRuns/romAccuracyScenario1/train3_v2//fom_mesh256x1024_nThreads_36_dt_0.1_T_2000_snaps_true_seismo_true_mat_bilayer_fRank_1_test_4/state_timestep_20000_vp
reading approx state /home/fnrizzi/waveRuns/romAccuracyScenario1/train3_v2//rom_mesh256x1024_nThreads_18_dt_0.1_T_2000_snaps_true_mat_bilayer_fRank_1_nPod_222_222_test_4/fomReconstructedState_timestep_20000_vp
 vp_fom_minmax    = -2.915331540457937e-10 3.6731199196009454e-10
 vp_approx_minmax = -2.893201650816322e-10 3.704912691639842e-10
 vp_err_minmax    = -1.3294334591317216e-10 2.1999287928370346e-10
 vp_err_abs_rel_ltwo_norms = 9.402208552040074e-10 0.06772511590003444
 vp_err_abs_rel_linf_norms = 2.1999287928370346e-10 0.5989264823883123
