reading fom    state /home/fnrizzi/waveRuns/romAccuracyScenario1/train3_v2//fom_mesh256x1024_nThreads_36_dt_0.1_T_2000_snaps_true_seismo_true_mat_bilayer_fRank_1_test_13/state_timestep_20000_vp
reading approx state /home/fnrizzi/waveRuns/romAccuracyScenario1/train3_v2//rom_mesh256x1024_nThreads_18_dt_0.1_T_2000_snaps_true_mat_bilayer_fRank_1_nPod_2385_2385_test_13/fomReconstructedState_timestep_20000_vp
 vp_fom_minmax    = -2.1753833977711014e-10 3.2981670943535316e-10
 vp_approx_minmax = -2.1754041468510508e-10 3.2984898135479333e-10
 vp_err_minmax    = -1.6239735679775295e-12 5.602838012977247e-13
 vp_err_abs_rel_ltwo_norms = 1.0091610941249893e-11 0.0007602499274625893
 vp_err_abs_rel_linf_norms = 1.6239735679775295e-12 0.004923866867624067
