reading fom    state /home/fnrizzi/waveRuns/romAccuracyScenario1/train3/fom_mesh256x1024_nThreads_36_dt_0.1_T_2000_snaps_true_seismo_true_mat_bilayer_fRank_1_test_4/state_timestep_20000_vp
reading approx state /home/fnrizzi/waveRuns/romAccuracyScenario1/train3/rom_mesh256x1024_nThreads_18_dt_0.1_T_2000_snaps_true_mat_bilayer_fRank_1_nPod_1050_1050_test_4/fomReconstructedState_timestep_20000_vp
 vp_fom_minmax    = -3.1207237740661305e-10 3.716253074700303e-10
 vp_approx_minmax = -4.6179641020877225e-09 1.0969104932887033e-08
 vp_err_minmax    = -1.0969270271216177e-08 4.61754906117863e-09
 vp_err_abs_rel_ltwo_norms = 2.217397648374278e-08 1.5843069959943206
 vp_err_abs_rel_linf_norms = 1.0969270271216177e-08 29.517016335333388
