reading fom    state /home/fnrizzi/waveRuns/romAccuracyScenario1/train3/fom_mesh256x1024_nThreads_36_dt_0.1_T_2000_snaps_true_seismo_true_mat_bilayer_fRank_1_test_4/state_timestep_20000_sp
reading approx state /home/fnrizzi/waveRuns/romAccuracyScenario1/train3/rom_mesh256x1024_nThreads_18_dt_0.1_T_2000_snaps_true_mat_bilayer_fRank_1_nPod_1050_1050_test_4/fomReconstructedState_timestep_20000_sp
 sp_fom_minmax    = -0.009519839330177566 0.007797777071990026
 sp_approx_minmax = -4.230041806991553 2.005943199536856
 sp_err_minmax    = -2.005926187617364 4.230048904049605
 sp_err_abs_rel_ltwo_norms = 5.986456778399755 15.711151520953536
 sp_err_abs_rel_linf_norms = 4.230048904049605 444.34036724133506
