reading fom    state /home/fnrizzi/waveRuns/romAccuracyScenario2/train2/fom_mesh512x2048_nThreads_36_dt_0.1_T_2000_snaps_true_seismo_true_mat_prem_fRank_1_test_7/state_timestep_20000_vp
reading approx state /home/fnrizzi/waveRuns/romAccuracyScenario2/train2/rom_mesh512x2048_nThreads_18_dt_0.1_T_2000_snaps_true_mat_prem_fRank_14_nPod_369_369/fomReconstructedState_timestep_20000_f_7_vp
 vp_fom_minmax    = -9.530837765569947e-08 9.31448076279754e-08
 vp_approx_minmax = -9.482743124507116e-08 9.319270715579846e-08
 vp_err_minmax    = -1.7023919142207031e-09 1.5726115823307233e-09
 vp_err_abs_rel_ltwo_norms = 6.492732351798263e-08 0.03192539608085493
 vp_err_abs_rel_linf_norms = 1.7023919142207031e-09 0.017861933610606368
