reading fom    state /home/fnrizzi/waveRuns/romAccuracyScenario2/train2/fom_mesh512x2048_nThreads_36_dt_0.1_T_2000_snaps_true_seismo_true_mat_prem_fRank_1_test_12/state_timestep_20000_vp
reading approx state /home/fnrizzi/waveRuns/romAccuracyScenario2/train2/rom_mesh512x2048_nThreads_18_dt_0.1_T_2000_snaps_true_mat_prem_fRank_14_nPod_369_369/fomReconstructedState_timestep_20000_f_12_vp
 vp_fom_minmax    = -1.203220505688684e-07 1.3162000284543027e-07
 vp_approx_minmax = -1.2023574962466137e-07 1.316063528757554e-07
 vp_err_minmax    = -1.66882844161193e-08 7.498875076698037e-09
 vp_err_abs_rel_ltwo_norms = 9.496616982180101e-08 0.033931011565460724
 vp_err_abs_rel_linf_norms = 1.66882844161193e-08 0.12679139990383842
