reading fom    state /home/fnrizzi/waveRuns/romAccuracyScenario2/train2/fom_mesh512x2048_nThreads_36_dt_0.1_T_2000_snaps_true_seismo_true_mat_prem_fRank_1_test_0/state_timestep_20000_vp
reading approx state /home/fnrizzi/waveRuns/romAccuracyScenario2/train2/rom_mesh512x2048_nThreads_18_dt_0.1_T_2000_snaps_true_mat_prem_fRank_14_nPod_369_369/fomReconstructedState_timestep_20000_f_0_vp
 vp_fom_minmax    = -6.211123254338066e-08 5.62863979675722e-08
 vp_approx_minmax = -6.226808779275969e-08 5.644222886008795e-08
 vp_err_minmax    = -1.0767304730104817e-09 7.868827226310789e-10
 vp_err_abs_rel_ltwo_norms = 2.3698536250695144e-08 0.01518304821658163
 vp_err_abs_rel_linf_norms = 1.0767304730104817e-09 0.01733551934037785
