reading fom    state /home/fnrizzi/waveRuns/romAccuracyScenario1/train3/fom_mesh256x1024_nThreads_36_dt_0.1_T_2000_snaps_true_seismo_true_mat_bilayer_fRank_1_test_3/state_timestep_20000_vp
reading approx state /home/fnrizzi/waveRuns/romAccuracyScenario1/train3/rom_mesh256x1024_nThreads_18_dt_0.1_T_2000_snaps_true_mat_bilayer_fRank_1_nPod_1050_1050_test_3/fomReconstructedState_timestep_20000_vp
 vp_fom_minmax    = -2.5237124345143444e-10 3.4328387696801826e-10
 vp_approx_minmax = -2.527113249353859e-10 3.4349629636096403e-10
 vp_err_minmax    = -5.007326398782804e-11 8.422061667360015e-11
 vp_err_abs_rel_ltwo_norms = 5.315397326090149e-10 0.03901784042103314
 vp_err_abs_rel_linf_norms = 8.422061667360015e-11 0.24533810739222828
