reading fom    state /home/fnrizzi/waveRuns/romAccuracyScenario1/train3_v2//fom_mesh256x1024_nThreads_36_dt_0.1_T_2000_snaps_true_seismo_true_mat_bilayer_fRank_1_test_9/state_timestep_20000_vp
reading approx state /home/fnrizzi/waveRuns/romAccuracyScenario1/train3_v2//rom_mesh256x1024_nThreads_18_dt_0.1_T_2000_snaps_true_mat_bilayer_fRank_1_nPod_2329_2329_test_9/fomReconstructedState_timestep_20000_vp
 vp_fom_minmax    = -2.2241950298866584e-10 3.204729129877815e-10
 vp_approx_minmax = -2.2388565990937615e-10 3.1974272666373216e-10
 vp_err_minmax    = -1.5703170809987763e-11 3.0254660972482164e-11
 vp_err_abs_rel_ltwo_norms = 2.482604888086727e-10 0.01862144750326343
 vp_err_abs_rel_linf_norms = 3.0254660972482164e-11 0.09440629690171558
