reading fom    state /home/fnrizzi/waveRuns/romAccuracyScenario1/train3/fom_mesh256x1024_nThreads_36_dt_0.1_T_2000_snaps_true_seismo_true_mat_bilayer_fRank_1_test_13/state_timestep_20000_sp
reading approx state /home/fnrizzi/waveRuns/romAccuracyScenario1/train3/rom_mesh256x1024_nThreads_18_dt_0.1_T_2000_snaps_true_mat_bilayer_fRank_1_nPod_204_204_test_13/fomReconstructedState_timestep_20000_sp
 sp_fom_minmax    = -0.008938410068311729 0.006394079050391816
 sp_approx_minmax = -0.008976037184646722 0.0063992880627489835
 sp_err_minmax    = -0.004884254627250913 0.0056700701163099046
 sp_err_abs_rel_ltwo_norms = 0.024613305355765672 0.06551137240125171
 sp_err_abs_rel_linf_norms = 0.0056700701163099046 0.6343488464924342
