reading fom    state /home/fnrizzi/waveRuns/romAccuracyScenario1/train3_v2//fom_mesh256x1024_nThreads_36_dt_0.1_T_2000_snaps_true_seismo_true_mat_bilayer_fRank_1_test_2/state_timestep_20000_sp
reading approx state /home/fnrizzi/waveRuns/romAccuracyScenario1/train3_v2//rom_mesh256x1024_nThreads_18_dt_0.1_T_2000_snaps_true_mat_bilayer_fRank_1_nPod_1117_1117_test_2/fomReconstructedState_timestep_20000_sp
 sp_fom_minmax    = -0.0085811839429736 0.006066039159128929
 sp_approx_minmax = -0.008556887387493392 0.006149129707937929
 sp_err_minmax    = -0.0009066476663361 0.0010370314481789576
 sp_err_abs_rel_ltwo_norms = 0.016594828293456442 0.04440499770130177
 sp_err_abs_rel_linf_norms = 0.0010370314481789576 0.12084946029249197
