reading fom    state /home/fnrizzi/waveRuns/romAccuracyScenario1/train3/fom_mesh256x1024_nThreads_36_dt_0.1_T_2000_snaps_true_seismo_true_mat_bilayer_fRank_1_test_9/state_timestep_20000_sp
reading approx state /home/fnrizzi/waveRuns/romAccuracyScenario1/train3/rom_mesh256x1024_nThreads_18_dt_0.1_T_2000_snaps_true_mat_bilayer_fRank_1_nPod_2340_2340_test_9/fomReconstructedState_timestep_20000_sp
 sp_fom_minmax    = -0.009061482522348773 0.0064894097151584045
 sp_approx_minmax = -0.00908115067087257 0.006493396271814204
 sp_err_minmax    = -4.627486622323339e-05 4.871777644193559e-05
 sp_err_abs_rel_ltwo_norms = 0.003014932103040257 0.0080123926963827
 sp_err_abs_rel_linf_norms = 4.871777644193559e-05 0.005376358263869139
