reading fom    state /home/fnrizzi/waveRuns/romAccuracyScenario1/train3_v2//fom_mesh256x1024_nThreads_36_dt_0.1_T_2000_snaps_true_seismo_true_mat_bilayer_fRank_1_test_12/state_timestep_20000_sp
reading approx state /home/fnrizzi/waveRuns/romAccuracyScenario1/train3_v2//rom_mesh256x1024_nThreads_18_dt_0.1_T_2000_snaps_true_mat_bilayer_fRank_1_nPod_2329_2329_test_12/fomReconstructedState_timestep_20000_sp
 sp_fom_minmax    = -0.009224853803041584 0.008569853232973768
 sp_approx_minmax = -0.009225382548156422 0.008571389195078397
 sp_err_minmax    = -0.0008315269211202676 0.001824839651568451
 sp_err_abs_rel_ltwo_norms = 0.003718993893974066 0.009700034757595122
 sp_err_abs_rel_linf_norms = 0.001824839651568451 0.19781773137334402
