reading fom    state /home/fnrizzi/waveRuns/romAccuracyScenario1/train3_v2//fom_mesh256x1024_nThreads_36_dt_0.1_T_2000_snaps_true_seismo_true_mat_bilayer_fRank_1_test_12/state_timestep_20000_vp
reading approx state /home/fnrizzi/waveRuns/romAccuracyScenario1/train3_v2//rom_mesh256x1024_nThreads_18_dt_0.1_T_2000_snaps_true_mat_bilayer_fRank_1_nPod_2329_2329_test_12/fomReconstructedState_timestep_20000_vp
 vp_fom_minmax    = -3.483618281468883e-10 3.6712963356963777e-10
 vp_approx_minmax = -3.483783586851929e-10 3.6702840134108857e-10
 vp_err_minmax    = -2.266570311252717e-12 2.602228976291254e-12
 vp_err_abs_rel_ltwo_norms = 1.883487167074528e-11 0.0013255429218592886
 vp_err_abs_rel_linf_norms = 2.602228976291254e-12 0.007088038497436244
