reading fom    state /home/fnrizzi/waveRuns/romAccuracyScenario1/train3_v2//fom_mesh256x1024_nThreads_36_dt_0.1_T_2000_snaps_true_seismo_true_mat_bilayer_fRank_1_test_3/state_timestep_20000_vp
reading approx state /home/fnrizzi/waveRuns/romAccuracyScenario1/train3_v2//rom_mesh256x1024_nThreads_18_dt_0.1_T_2000_snaps_true_mat_bilayer_fRank_1_nPod_117_117_test_3/fomReconstructedState_timestep_20000_vp
 vp_fom_minmax    = -2.19983787037272e-10 3.251192024404941e-10
 vp_approx_minmax = -2.5629984784927554e-10 1.7237675170787245e-09
 vp_err_minmax    = -1.7251686122286307e-09 2.549526798482707e-10
 vp_err_abs_rel_ltwo_norms = 3.766102427856385e-09 0.2830743611646318
 vp_err_abs_rel_linf_norms = 1.7251686122286307e-09 5.306264900008128
