reading fom    state /home/fnrizzi/waveRuns/romAccuracyScenario1/train3_v2//fom_mesh256x1024_nThreads_36_dt_0.1_T_2000_snaps_true_seismo_true_mat_bilayer_fRank_1_test_3/state_timestep_20000_sp
reading approx state /home/fnrizzi/waveRuns/romAccuracyScenario1/train3_v2//rom_mesh256x1024_nThreads_18_dt_0.1_T_2000_snaps_true_mat_bilayer_fRank_1_nPod_117_117_test_3/fomReconstructedState_timestep_20000_sp
 sp_fom_minmax    = -0.008017887323481075 0.005703603903273843
 sp_approx_minmax = -0.008986861303228181 0.010529551077302102
 sp_err_minmax    = -0.010501960934525842 0.008711747078913989
 sp_err_abs_rel_ltwo_norms = 0.09003763014146374 0.24284343139462086
 sp_err_abs_rel_linf_norms = 0.010501960934525842 1.3098164779355208
