reading fom    state /home/fnrizzi/waveRuns/romAccuracyScenario1/train3_v2//fom_mesh256x1024_nThreads_36_dt_0.1_T_2000_snaps_true_seismo_true_mat_bilayer_fRank_1_test_10/state_timestep_20000_sp
reading approx state /home/fnrizzi/waveRuns/romAccuracyScenario1/train3_v2//rom_mesh256x1024_nThreads_18_dt_0.1_T_2000_snaps_true_mat_bilayer_fRank_1_nPod_222_222_test_10/fomReconstructedState_timestep_20000_sp
 sp_fom_minmax    = -0.008965573843383558 0.00881978720381134
 sp_approx_minmax = -0.008950985028279537 0.008673612095684671
 sp_err_minmax    = -0.005547315620451419 0.0077639755442361295
 sp_err_abs_rel_ltwo_norms = 0.033642260907715174 0.08744668520156022
 sp_err_abs_rel_linf_norms = 0.0077639755442361295 0.865976420456992
