reading fom    state /home/fnrizzi/waveRuns/romAccuracyScenario1/train3_v2//fom_mesh256x1024_nThreads_36_dt_0.1_T_2000_snaps_true_seismo_true_mat_bilayer_fRank_1_test_10/state_timestep_20000_vp
reading approx state /home/fnrizzi/waveRuns/romAccuracyScenario1/train3_v2//rom_mesh256x1024_nThreads_18_dt_0.1_T_2000_snaps_true_mat_bilayer_fRank_1_nPod_222_222_test_10/fomReconstructedState_timestep_20000_vp
 vp_fom_minmax    = -3.6123257051610133e-10 3.53189916651468e-10
 vp_approx_minmax = -3.562189132439639e-10 3.5730264726162397e-10
 vp_err_minmax    = -2.2915899769542782e-10 1.9721142108264777e-10
 vp_err_abs_rel_ltwo_norms = 1.2150543808400002e-09 0.08473312948103058
 vp_err_abs_rel_linf_norms = 2.2915899769542782e-10 0.6343807740482068
