reading fom    state /home/fnrizzi/romAccuracyT4/fom_mesh512x2048_nThreads_36_dt_0.1_T_2000.0_snaps_true_seismo_true_mat_prem_fRank_1_test_4/finalFomState_vp_0
reading approx state /home/fnrizzi/romAccuracyT4/rom_mesh512x2048_nThreads_18_dt_0.1_T_2000.0_snaps_true_mat_prem_fRank_6_nPod_436_436/finalFomState_vp_4
 vp_fom_minmax    = -1.203220505688684e-07 1.3162000284543027e-07
 vp_approx_minmax = -1.203229622223396e-07 1.3161957196395927e-07
 vp_err_minmax    = -6.857221636580132e-11 1.4683896671169973e-10
 vp_err_abs_rel_ltwo_norms = 1.1418752796336782e-09 0.0004079872168401331
 vp_err_abs_rel_linf_norms = 1.4683896671169973e-10 0.0011156280469325171
