reading fom    state /home/fnrizzi/romAccuracyT4/fom_mesh512x2048_nThreads_36_dt_0.1_T_2000.0_snaps_true_seismo_true_mat_prem_fRank_1_test_1/finalFomState_vp_0
reading approx state /home/fnrizzi/romAccuracyT4/rom_mesh512x2048_nThreads_18_dt_0.1_T_2000.0_snaps_true_mat_prem_fRank_6_nPod_436_436/finalFomState_vp_1
 vp_fom_minmax    = -8.394216289507892e-08 7.937560613197554e-08
 vp_approx_minmax = -8.39021931927341e-08 7.937893509453834e-08
 vp_err_minmax    = -9.426198730813593e-11 1.407809948612239e-10
 vp_err_abs_rel_ltwo_norms = 3.253707662211357e-09 0.0017566746322842694
 vp_err_abs_rel_linf_norms = 1.407809948612239e-10 0.0016771189829500703
