reading fom    state /home/fnrizzi/romAccuracyT4/fom_mesh512x2048_nThreads_36_dt_0.1_T_2000.0_snaps_true_seismo_true_mat_prem_fRank_1_test_1/finalFomState_sp_0
reading approx state /home/fnrizzi/romAccuracyT4/rom_mesh512x2048_nThreads_18_dt_0.1_T_2000.0_snaps_true_mat_prem_fRank_6_nPod_436_436/finalFomState_sp_1
 sp_fom_minmax    = -1.1644064335140922 1.1992698714498682
 sp_approx_minmax = -1.164652499953813 1.199674862525793
 sp_err_minmax    = -0.0011158550648473725 0.001134579076124298
 sp_err_abs_rel_ltwo_norms = 0.06445926923442673 0.0020336672136057102
 sp_err_abs_rel_linf_norms = 0.001134579076124298 0.0009460581835118049
