reading fom    state /home/fnrizzi/romAccuracyT4/fom_mesh512x2048_nThreads_36_dt_0.1_T_2000.0_snaps_true_seismo_true_mat_prem_fRank_1_test_0/finalFomState_vp_0
reading approx state /home/fnrizzi/romAccuracyT4/rom_mesh512x2048_nThreads_18_dt_0.1_T_2000.0_snaps_true_mat_prem_fRank_6_nPod_436_436/finalFomState_vp_0
 vp_fom_minmax    = -4.0715528577268895e-08 3.066340105088159e-08
 vp_approx_minmax = -4.072140755338098e-08 3.066495619677611e-08
 vp_err_minmax    = -1.8155263084512918e-11 1.5308583561279514e-11
 vp_err_abs_rel_ltwo_norms = 8.26431738327686e-10 0.0007310633258902729
 vp_err_abs_rel_linf_norms = 1.8155263084512918e-11 0.0004459051305218431
