reading fom    state /home/fnrizzi/waveRuns/romAccuracyScenario1/train3//fom_mesh256x1024_nThreads_36_dt_0.1_T_2000_snaps_true_seismo_true_mat_bilayer_fRank_1_test_10/state_timestep_20000_vp
reading approx state /home/fnrizzi/waveRuns/romAccuracyScenario1/train3//rom_mesh256x1024_nThreads_18_dt_0.1_T_2000_snaps_true_mat_bilayer_fRank_1_nPod_2133_2133_test_10/fomReconstructedState_timestep_20000_vp
 vp_fom_minmax    = -3.6123257051610133e-10 3.53189916651468e-10
 vp_approx_minmax = -3.6004554720093293e-10 3.5256919515659143e-10
 vp_err_minmax    = -1.3841069048299025e-11 2.2154780130627987e-11
 vp_err_abs_rel_ltwo_norms = 4.447908990474578e-10 0.03101797370988214
 vp_err_abs_rel_linf_norms = 2.2154780130627987e-11 0.061331070171703896
