reading fom    state /home/fnrizzi/romAccuracyT4/fom_mesh512x2048_nThreads_36_dt_0.1_T_2000.0_snaps_true_seismo_true_mat_prem_fRank_1_test_2/finalFomState_sp_0
reading approx state /home/fnrizzi/romAccuracyT4/rom_mesh512x2048_nThreads_18_dt_0.1_T_2000.0_snaps_true_mat_prem_fRank_14_nPod_369_369/finalFomState_sp_2
 sp_fom_minmax    = -0.5323036033585555 0.5901295879730385
 sp_approx_minmax = -0.5355750532707666 0.5989243035063915
 sp_err_minmax    = -0.013266887061597177 0.012859290914332855
 sp_err_abs_rel_ltwo_norms = 0.38903320690510185 0.017577908036131164
 sp_err_abs_rel_linf_norms = 0.013266887061597177 0.022481311447483814
