reading fom    state /home/fnrizzi/romAccuracyT4/fom_mesh512x2048_nThreads_36_dt_0.1_T_2000.0_snaps_true_seismo_true_mat_prem_fRank_1_test_6/finalFomState_sp_0
reading approx state /home/fnrizzi/romAccuracyT4/rom_mesh512x2048_nThreads_18_dt_0.1_T_2000.0_snaps_true_mat_prem_fRank_14_nPod_369_369/finalFomState_sp_6
 sp_fom_minmax    = -1.2055459987463144 1.2320072712135786
 sp_approx_minmax = -1.203753212685933 1.2240531744775067
 sp_err_minmax    = -0.021365060722373264 0.014233130809025163
 sp_err_abs_rel_ltwo_norms = 0.5600037912806627 0.017313182561864118
 sp_err_abs_rel_linf_norms = 0.021365060722373264 0.017341667717048283
