reading fom    state /home/fnrizzi/romAccuracyT4/fom_mesh512x2048_nThreads_36_dt_0.1_T_2000.0_snaps_true_seismo_true_mat_prem_fRank_1_test_8/finalFomState_vp_0
reading approx state /home/fnrizzi/romAccuracyT4/rom_mesh512x2048_nThreads_18_dt_0.1_T_2000.0_snaps_true_mat_prem_fRank_14_nPod_369_369/finalFomState_vp_8
 vp_fom_minmax    = -1.0545110907453144e-07 1.0641232331090344e-07
 vp_approx_minmax = -1.048528591210124e-07 1.0631810984166616e-07
 vp_err_minmax    = -1.8451128478983298e-09 1.6758277682217124e-09
 vp_err_abs_rel_ltwo_norms = 6.801784393565671e-08 0.030456887344978027
 vp_err_abs_rel_linf_norms = 1.8451128478983298e-09 0.017339277919038464
