reading fom    state /home/fnrizzi/romAccuracyT4/fom_mesh512x2048_nThreads_36_dt_0.1_T_2000.0_snaps_true_seismo_true_mat_prem_fRank_1_test_7/finalFomState_sp_0
reading approx state /home/fnrizzi/romAccuracyT4/rom_mesh512x2048_nThreads_18_dt_0.1_T_2000.0_snaps_true_mat_prem_fRank_14_nPod_369_369/finalFomState_sp_7
 sp_fom_minmax    = -1.358115975068079 1.3459612899400317
 sp_approx_minmax = -1.3550544901936998 1.3344185888145659
 sp_err_minmax    = -0.026160505860167937 0.018597102041589098
 sp_err_abs_rel_ltwo_norms = 0.6984755528201624 0.020031589549697772
 sp_err_abs_rel_linf_norms = 0.026160505860167937 0.01926235044754302
