reading fom    state /home/fnrizzi/romAccuracyT4/fom_mesh512x2048_nThreads_36_dt_0.1_T_2000.0_snaps_true_seismo_true_mat_prem_fRank_1_test_0/finalFomState_vp_0
reading approx state /home/fnrizzi/romAccuracyT4/rom_mesh512x2048_nThreads_18_dt_0.1_T_2000.0_snaps_true_mat_prem_fRank_14_nPod_369_369/finalFomState_vp_0
 vp_fom_minmax    = -6.211123254338066e-08 5.62863979675722e-08
 vp_approx_minmax = -6.226762165906652e-08 5.643739116667771e-08
 vp_err_minmax    = -1.0905957499613961e-09 7.833056621540329e-10
 vp_err_abs_rel_ltwo_norms = 2.4394545833986186e-08 0.015628963818731988
 vp_err_abs_rel_linf_norms = 1.0905957499613961e-09 0.01755875234322046
