reading fom    state /home/fnrizzi/romAccuracyT4/fom_mesh512x2048_nThreads_36_dt_0.1_T_2000.0_snaps_true_seismo_true_mat_prem_fRank_1_test_5/finalFomState_sp_0
reading approx state /home/fnrizzi/romAccuracyT4/rom_mesh512x2048_nThreads_18_dt_0.1_T_2000.0_snaps_true_mat_prem_fRank_14_nPod_369_369/finalFomState_sp_5
 sp_fom_minmax    = -1.5911772184743067 1.5017164637347515
 sp_approx_minmax = -1.5872475845178904 1.4887072085381923
 sp_err_minmax    = -0.02429734289140334 0.018442203302016402
 sp_err_abs_rel_ltwo_norms = 0.8177178053902989 0.020818477204614536
 sp_err_abs_rel_linf_norms = 0.02429734289140334 0.015270041959688651
