reading fom    state /home/fnrizzi/romAccuracyT4/fom_mesh512x2048_nThreads_36_dt_0.1_T_2000.0_snaps_true_seismo_true_mat_prem_fRank_1_test_1/finalFomState_sp_0
reading approx state /home/fnrizzi/romAccuracyT4/rom_mesh512x2048_nThreads_18_dt_0.1_T_2000.0_snaps_true_mat_prem_fRank_14_nPod_369_369/finalFomState_sp_1
 sp_fom_minmax    = -0.5333560753871908 0.5913344063462482
 sp_approx_minmax = -0.5366349467488724 0.6001598515871913
 sp_err_minmax    = -0.013300919364477526 0.012885602971197896
 sp_err_abs_rel_ltwo_norms = 0.3904970381319287 0.01763043381258024
 sp_err_abs_rel_linf_norms = 0.013300919364477526 0.022493058448368627
