reading fom    state /home/fnrizzi/waveRuns/romAccuracyScenario1/train3_v2//fom_mesh256x1024_nThreads_36_dt_0.1_T_2000_snaps_true_seismo_true_mat_bilayer_fRank_1_test_0/state_timestep_20000_vp
reading approx state /home/fnrizzi/waveRuns/romAccuracyScenario1/train3_v2//rom_mesh256x1024_nThreads_18_dt_0.1_T_2000_snaps_true_mat_bilayer_fRank_1_nPod_222_222_test_0/fomReconstructedState_timestep_20000_vp
 vp_fom_minmax    = -2.6376469243093067e-10 3.5174279155615993e-10
 vp_approx_minmax = -3.225175811643614e-10 3.541030679650091e-10
 vp_err_minmax    = -3.022638031356711e-10 3.2221603776335846e-10
 vp_err_abs_rel_ltwo_norms = 1.0881141704980593e-09 0.07938421134076154
 vp_err_abs_rel_linf_norms = 3.2221603776335846e-10 0.9160558382385864
