reading fom    state /home/fnrizzi/waveRuns/romAccuracyScenario1/train3_v2//fom_mesh256x1024_nThreads_36_dt_0.1_T_2000_snaps_true_seismo_true_mat_bilayer_fRank_1_test_5/state_timestep_20000_sp
reading approx state /home/fnrizzi/waveRuns/romAccuracyScenario1/train3_v2//rom_mesh256x1024_nThreads_18_dt_0.1_T_2000_snaps_true_mat_bilayer_fRank_1_nPod_2329_2329_test_5/fomReconstructedState_timestep_20000_sp
 sp_fom_minmax    = -0.009473877919240956 0.008082417909518549
 sp_approx_minmax = -0.009456201032362527 0.008161495021313192
 sp_err_minmax    = -0.000764220569025759 0.0011607489711847432
 sp_err_abs_rel_ltwo_norms = 0.01051194872182706 0.027529827364071804
 sp_err_abs_rel_linf_norms = 0.0011607489711847432 0.12252099732331594
