reading fom    state /home/fnrizzi/waveRuns/romAccuracyScenario1/train3/fom_mesh256x1024_nThreads_36_dt_0.1_T_2000_snaps_true_seismo_true_mat_bilayer_fRank_1_test_10/state_timestep_20000_sp
reading approx state /home/fnrizzi/waveRuns/romAccuracyScenario1/train3/rom_mesh256x1024_nThreads_18_dt_0.1_T_2000_snaps_true_mat_bilayer_fRank_1_nPod_104_104_test_10/fomReconstructedState_timestep_20000_sp
 sp_fom_minmax    = -0.011005515273360815 0.008653253273762637
 sp_approx_minmax = -0.015412515145814565 0.01010282353190465
 sp_err_minmax    = -0.010103550678353713 0.015405155357400306
 sp_err_abs_rel_ltwo_norms = 0.46708388135356416 1.1813183020867772
 sp_err_abs_rel_linf_norms = 0.015405155357400306 1.3997668418750873
