reading fom    state /home/fnrizzi/waveRuns/romAccuracyScenario1/train3_v2//fom_mesh256x1024_nThreads_36_dt_0.1_T_2000_snaps_true_seismo_true_mat_bilayer_fRank_1_test_1/state_timestep_20000_vp
reading approx state /home/fnrizzi/waveRuns/romAccuracyScenario1/train3_v2//rom_mesh256x1024_nThreads_18_dt_0.1_T_2000_snaps_true_mat_bilayer_fRank_1_nPod_2385_2385_test_1/fomReconstructedState_timestep_20000_vp
 vp_fom_minmax    = -2.360281908877452e-10 3.2496987045308033e-10
 vp_approx_minmax = -2.401808027836083e-10 3.287153951381884e-10
 vp_err_minmax    = -2.131693268774923e-11 1.7538769897826398e-11
 vp_err_abs_rel_ltwo_norms = 4.301536194319179e-10 0.03191262440970059
 vp_err_abs_rel_linf_norms = 2.131693268774923e-11 0.06559664333813064
