reading fom    state /home/fnrizzi/waveRuns/romAccuracyScenario1/train3/fom_mesh256x1024_nThreads_36_dt_0.1_T_2000_snaps_true_seismo_true_mat_bilayer_fRank_1_test_0/state_timestep_20000_sp
reading approx state /home/fnrizzi/waveRuns/romAccuracyScenario1/train3/rom_mesh256x1024_nThreads_18_dt_0.1_T_2000_snaps_true_mat_bilayer_fRank_1_nPod_2133_2133_test_0/fomReconstructedState_timestep_20000_sp
 sp_fom_minmax    = -0.009471013545517354 0.00734761459950312
 sp_approx_minmax = -0.009466599738153652 0.00736316083842818
 sp_err_minmax    = -0.0006970145494832582 0.00023896097389941115
 sp_err_abs_rel_ltwo_norms = 0.005841766908185501 0.015387596658044437
 sp_err_abs_rel_linf_norms = 0.0006970145494832582 0.07359450455153835
