reading fom    state /home/fnrizzi/waveRuns/romAccuracyScenario1/train3_v2//fom_mesh256x1024_nThreads_36_dt_0.1_T_2000_snaps_true_seismo_true_mat_bilayer_fRank_1_test_5/state_timestep_20000_sp
reading approx state /home/fnrizzi/waveRuns/romAccuracyScenario1/train3_v2//rom_mesh256x1024_nThreads_18_dt_0.1_T_2000_snaps_true_mat_bilayer_fRank_1_nPod_1117_1117_test_5/fomReconstructedState_timestep_20000_sp
 sp_fom_minmax    = -0.009473877919240956 0.008082417909518549
 sp_approx_minmax = -0.009488554216348576 0.008097198967661954
 sp_err_minmax    = -0.0032333286948106397 0.002611038197511293
 sp_err_abs_rel_ltwo_norms = 0.02095816298227214 0.05488750221659658
 sp_err_abs_rel_linf_norms = 0.0032333286948106397 0.34128882833120705
