reading fom    state /home/fnrizzi/waveRuns/romAccuracyScenario1/train3_v2//fom_mesh256x1024_nThreads_36_dt_0.1_T_2000_snaps_true_seismo_true_mat_bilayer_fRank_1_test_5/state_timestep_20000_vp
reading approx state /home/fnrizzi/waveRuns/romAccuracyScenario1/train3_v2//rom_mesh256x1024_nThreads_18_dt_0.1_T_2000_snaps_true_mat_bilayer_fRank_1_nPod_1117_1117_test_5/fomReconstructedState_timestep_20000_vp
 vp_fom_minmax    = -3.2456747360796656e-10 3.7239022130469186e-10
 vp_approx_minmax = -3.267313198879298e-10 3.7326976060444503e-10
 vp_err_minmax    = -9.944204054363464e-11 5.053780373125756e-11
 vp_err_abs_rel_ltwo_norms = 6.985235523321464e-10 0.04966153525808388
 vp_err_abs_rel_linf_norms = 9.944204054363464e-11 0.2670371960768287
