reading fom    state /home/fnrizzi/waveRuns/romAccuracyScenario1/train3/fom_mesh256x1024_nThreads_36_dt_0.1_T_2000_snaps_true_seismo_true_mat_bilayer_fRank_1_test_0/state_timestep_20000_sp
reading approx state /home/fnrizzi/waveRuns/romAccuracyScenario1/train3/rom_mesh256x1024_nThreads_18_dt_0.1_T_2000_snaps_true_mat_bilayer_fRank_1_nPod_2255_2255_test_0/fomReconstructedState_timestep_20000_sp
 sp_fom_minmax    = -0.009471013545517354 0.00734761459950312
 sp_approx_minmax = -0.009452750941929265 0.007360999423898636
 sp_err_minmax    = -0.0001867404502541415 0.0001793353744814433
 sp_err_abs_rel_ltwo_norms = 0.004425766957140202 0.011657760042351138
 sp_err_abs_rel_linf_norms = 0.0001867404502541415 0.01971705027731969
