reading fom    state /home/fnrizzi/waveRuns/romAccuracyScenario1/train3/fom_mesh256x1024_nThreads_36_dt_0.1_T_2000_snaps_true_seismo_true_mat_bilayer_fRank_1_test_0/state_timestep_20000_vp
reading approx state /home/fnrizzi/waveRuns/romAccuracyScenario1/train3/rom_mesh256x1024_nThreads_18_dt_0.1_T_2000_snaps_true_mat_bilayer_fRank_1_nPod_2255_2255_test_0/fomReconstructedState_timestep_20000_vp
 vp_fom_minmax    = -2.9149490631310344e-10 3.672894543694797e-10
 vp_approx_minmax = -2.92300852783975e-10 3.667168073377804e-10
 vp_err_minmax    = -4.298888518003286e-12 4.864655879813891e-12
 vp_err_abs_rel_ltwo_norms = 1.874463716927608e-10 0.013502228007711156
 vp_err_abs_rel_linf_norms = 4.864655879813891e-12 0.013244746948057554
