reading fom    state /home/fnrizzi/waveRuns/romAccuracyScenario1/train3/fom_mesh256x1024_nThreads_36_dt_0.1_T_2000_snaps_true_seismo_true_mat_bilayer_fRank_1_test_5/state_timestep_20000_sp
reading approx state /home/fnrizzi/waveRuns/romAccuracyScenario1/train3/rom_mesh256x1024_nThreads_18_dt_0.1_T_2000_snaps_true_mat_bilayer_fRank_1_nPod_2340_2340_test_5/fomReconstructedState_timestep_20000_sp
 sp_fom_minmax    = -0.009428751622230535 0.008265438205967817
 sp_approx_minmax = -0.009422657907903618 0.008287458035605232
 sp_err_minmax    = -0.0003405674871091766 0.0002092847624497829
 sp_err_abs_rel_ltwo_norms = 0.005875374746312381 0.015365091910980816
 sp_err_abs_rel_linf_norms = 0.0003405674871091766 0.03612010377982674
