reading fom    state /home/fnrizzi/waveRuns/romAccuracyScenario1/train3/fom_mesh256x1024_nThreads_36_dt_0.1_T_2000_snaps_true_seismo_true_mat_bilayer_fRank_1_test_4/state_timestep_20000_sp
reading approx state /home/fnrizzi/waveRuns/romAccuracyScenario1/train3/rom_mesh256x1024_nThreads_18_dt_0.1_T_2000_snaps_true_mat_bilayer_fRank_1_nPod_204_204_test_4/fomReconstructedState_timestep_20000_sp
 sp_fom_minmax    = -0.009519839330177566 0.007797777071990026
 sp_approx_minmax = -0.00956243310786243 0.007732640636908944
 sp_err_minmax    = -0.0038651657097580586 0.005345959583393842
 sp_err_abs_rel_ltwo_norms = 0.025574718514045806 0.06711954876709508
 sp_err_abs_rel_linf_norms = 0.005345959583393842 0.5615598538987241
