reading fom    state /home/fnrizzi/waveRuns/romAccuracyScenario1/train3//fom_mesh256x1024_nThreads_36_dt_0.1_T_2000_snaps_true_seismo_true_mat_bilayer_fRank_1_test_10/state_timestep_20000_vp
reading approx state /home/fnrizzi/waveRuns/romAccuracyScenario1/train3//rom_mesh256x1024_nThreads_18_dt_0.1_T_2000_snaps_true_mat_bilayer_fRank_1_nPod_104_104_test_10/fomReconstructedState_timestep_20000_vp
 vp_fom_minmax    = -3.6123257051610133e-10 3.53189916651468e-10
 vp_approx_minmax = -1.442849971454252e-09 3.6170525702628494e-10
 vp_err_minmax    = -3.49955621591862e-10 1.4428229579672755e-09
 vp_err_abs_rel_ltwo_norms = 5.673066912519128e-09 0.3956174479373631
 vp_err_abs_rel_linf_norms = 1.4428229579672755e-09 3.994166295430894
