reading fom    state /home/fnrizzi/waveRuns/romAccuracyScenario1/train3//fom_mesh256x1024_nThreads_36_dt_0.1_T_2000_snaps_true_seismo_true_mat_bilayer_fRank_1_test_10/state_timestep_20000_sp
reading approx state /home/fnrizzi/waveRuns/romAccuracyScenario1/train3//rom_mesh256x1024_nThreads_18_dt_0.1_T_2000_snaps_true_mat_bilayer_fRank_1_nPod_104_104_test_10/fomReconstructedState_timestep_20000_sp
 sp_fom_minmax    = -0.008965573843383558 0.00881978720381134
 sp_approx_minmax = -0.01970776709621172 0.023317372410534422
 sp_err_minmax    = -0.02331000847869627 0.01969562765727396
 sp_err_abs_rel_ltwo_norms = 0.1279988661323539 0.33270880882639176
 sp_err_abs_rel_linf_norms = 0.02331000847869627 2.599946069921521
