reading fom    state /home/fnrizzi/waveRuns/romAccuracyScenario1/train3/fom_mesh256x1024_nThreads_36_dt_0.1_T_2000_snaps_true_seismo_true_mat_bilayer_fRank_1_test_1/state_timestep_20000_sp
reading approx state /home/fnrizzi/waveRuns/romAccuracyScenario1/train3/rom_mesh256x1024_nThreads_18_dt_0.1_T_2000_snaps_true_mat_bilayer_fRank_1_nPod_204_204_test_1/fomReconstructedState_timestep_20000_sp
 sp_fom_minmax    = -0.00924720743857536 0.00679917119249987
 sp_approx_minmax = -0.009353028110356482 0.00676341702766365
 sp_err_minmax    = -0.005040574669773841 0.004671582522752163
 sp_err_abs_rel_ltwo_norms = 0.026639753798357476 0.07053694881181514
 sp_err_abs_rel_linf_norms = 0.005040574669773841 0.5450915536669739
