reading fom    state /home/fnrizzi/waveRuns/romAccuracyScenario1/train3_v2//fom_mesh256x1024_nThreads_36_dt_0.1_T_2000_snaps_true_seismo_true_mat_bilayer_fRank_1_test_7/state_timestep_20000_vp
reading approx state /home/fnrizzi/waveRuns/romAccuracyScenario1/train3_v2//rom_mesh256x1024_nThreads_18_dt_0.1_T_2000_snaps_true_mat_bilayer_fRank_1_nPod_117_117_test_7/fomReconstructedState_timestep_20000_vp
 vp_fom_minmax    = -3.0716946780546993e-10 3.71225311503799e-10
 vp_approx_minmax = -1.7985783735064643e-09 3.75373095147546e-10
 vp_err_minmax    = -2.588084092057905e-10 1.7991025681784668e-09
 vp_err_abs_rel_ltwo_norms = 3.9758637530805256e-09 0.2846202708566749
 vp_err_abs_rel_linf_norms = 1.7991025681784668e-09 4.846389813481388
