reading fom    state /home/fnrizzi/waveRuns/romAccuracyScenario1/train3_v2//fom_mesh256x1024_nThreads_36_dt_0.1_T_2000_snaps_true_seismo_true_mat_bilayer_fRank_1_test_2/state_timestep_20000_vp
reading approx state /home/fnrizzi/waveRuns/romAccuracyScenario1/train3_v2//rom_mesh256x1024_nThreads_18_dt_0.1_T_2000_snaps_true_mat_bilayer_fRank_1_nPod_28_28_test_2/fomReconstructedState_timestep_20000_vp
 vp_fom_minmax    = -2.3594209813578896e-10 3.2485424311721286e-10
 vp_approx_minmax = -1.1889889193333154e-09 1.3579949401351657e-09
 vp_err_minmax    = -1.359106687474432e-09 1.1898723238602533e-09
 vp_err_abs_rel_ltwo_norms = 3.711235589405819e-08 2.753537125764003
 vp_err_abs_rel_linf_norms = 1.359106687474432e-09 4.183743067145481
