reading fom    state /home/fnrizzi/waveRuns/romAccuracyScenario1/train3/fom_mesh256x1024_nThreads_36_dt_0.1_T_2000_snaps_true_seismo_true_mat_bilayer_fRank_1_test_8/state_timestep_20000_sp
reading approx state /home/fnrizzi/waveRuns/romAccuracyScenario1/train3/rom_mesh256x1024_nThreads_18_dt_0.1_T_2000_snaps_true_mat_bilayer_fRank_1_nPod_26_26_test_8/fomReconstructedState_timestep_20000_sp
 sp_fom_minmax    = -0.009451244926736184 0.008206349329493007
 sp_approx_minmax = -0.04514647608480308 0.056339756896655505
 sp_err_minmax    = -0.05633518153737286 0.04515286290107659
 sp_err_abs_rel_ltwo_norms = 1.2072205495322883 3.158163242364525
 sp_err_abs_rel_linf_norms = 0.05633518153737286 5.9606096312252905
