reading fom    state /home/fnrizzi/waveRuns/romAccuracyScenario1/train3/fom_mesh256x1024_nThreads_36_dt_0.1_T_2000_snaps_true_seismo_true_mat_bilayer_fRank_1_test_8/state_timestep_20000_vp
reading approx state /home/fnrizzi/waveRuns/romAccuracyScenario1/train3/rom_mesh256x1024_nThreads_18_dt_0.1_T_2000_snaps_true_mat_bilayer_fRank_1_nPod_26_26_test_8/fomReconstructedState_timestep_20000_vp
 vp_fom_minmax    = -3.316282419542549e-10 3.710817387922208e-10
 vp_approx_minmax = -1.1447047615577348e-09 4.3389665229461116e-10
 vp_err_minmax    = -4.335129552356379e-10 1.1443393478816519e-09
 vp_err_abs_rel_ltwo_norms = 2.6099331365004474e-08 1.8506546041664396
 vp_err_abs_rel_linf_norms = 1.1443393478816519e-09 3.083793213878412
