reading fom    state /home/fnrizzi/waveRuns/romAccuracyScenario1/train3/fom_mesh256x1024_nThreads_36_dt_0.1_T_2000_snaps_true_seismo_true_mat_bilayer_fRank_1_test_9/state_timestep_20000_vp
reading approx state /home/fnrizzi/waveRuns/romAccuracyScenario1/train3/rom_mesh256x1024_nThreads_18_dt_0.1_T_2000_snaps_true_mat_bilayer_fRank_1_nPod_1050_1050_test_9/fomReconstructedState_timestep_20000_vp
 vp_fom_minmax    = -2.5493725350146407e-10 3.447657973496755e-10
 vp_approx_minmax = -2.554701428242801e-10 3.446830513993157e-10
 vp_err_minmax    = -6.624659256940451e-11 1.0720223798069912e-10
 vp_err_abs_rel_ltwo_norms = 5.294498239483086e-10 0.03881327216856186
 vp_err_abs_rel_linf_norms = 1.0720223798069912e-10 0.3109422071585896
