reading fom    state /home/fnrizzi/waveRuns/romAccuracyScenario1/train3_v2//fom_mesh256x1024_nThreads_36_dt_0.1_T_2000_snaps_true_seismo_true_mat_bilayer_fRank_1_test_5/state_timestep_20000_sp
reading approx state /home/fnrizzi/waveRuns/romAccuracyScenario1/train3_v2//rom_mesh256x1024_nThreads_18_dt_0.1_T_2000_snaps_true_mat_bilayer_fRank_1_nPod_222_222_test_5/fomReconstructedState_timestep_20000_sp
 sp_fom_minmax    = -0.009473877919240956 0.008082417909518549
 sp_approx_minmax = -0.009571719297455492 0.007986225260953201
 sp_err_minmax    = -0.007012801062015801 0.00902989251123899
 sp_err_abs_rel_ltwo_norms = 0.029186310825598947 0.07643626502424808
 sp_err_abs_rel_linf_norms = 0.00902989251123899 0.9531358318328913
