reading fom    state /home/fnrizzi/waveRuns/romAccuracyScenario1/train3_v2//fom_mesh256x1024_nThreads_36_dt_0.1_T_2000_snaps_true_seismo_true_mat_bilayer_fRank_1_test_5/state_timestep_20000_vp
reading approx state /home/fnrizzi/waveRuns/romAccuracyScenario1/train3_v2//rom_mesh256x1024_nThreads_18_dt_0.1_T_2000_snaps_true_mat_bilayer_fRank_1_nPod_222_222_test_5/fomReconstructedState_timestep_20000_vp
 vp_fom_minmax    = -3.2456747360796656e-10 3.7239022130469186e-10
 vp_approx_minmax = -3.2310405525350415e-10 3.7531212291889575e-10
 vp_err_minmax    = -6.17818253979351e-11 2.6261649696538446e-10
 vp_err_abs_rel_ltwo_norms = 9.305753281020202e-10 0.06615925735438466
 vp_err_abs_rel_linf_norms = 2.6261649696538446e-10 0.7052185635951759
