reading fom    state /home/fnrizzi/waveRuns/romAccuracyScenario1/train3/fom_mesh256x1024_nThreads_36_dt_0.1_T_2000_snaps_true_seismo_true_mat_bilayer_fRank_1_test_12/state_timestep_20000_sp
reading approx state /home/fnrizzi/waveRuns/romAccuracyScenario1/train3/rom_mesh256x1024_nThreads_18_dt_0.1_T_2000_snaps_true_mat_bilayer_fRank_1_nPod_204_204_test_12/fomReconstructedState_timestep_20000_sp
 sp_fom_minmax    = -0.009224853803041584 0.008569853232973768
 sp_approx_minmax = -0.009286824714829072 0.008507872415527199
 sp_err_minmax    = -0.005226850376931635 0.005691998161875816
 sp_err_abs_rel_ltwo_norms = 0.025092819311612082 0.0654481363583515
 sp_err_abs_rel_linf_norms = 0.005691998161875816 0.6170285495472103
