reading fom    state /home/fnrizzi/waveRuns/romAccuracyScenario1/train3_v2//fom_mesh256x1024_nThreads_36_dt_0.1_T_2000_snaps_true_seismo_true_mat_bilayer_fRank_1_test_0/state_timestep_20000_sp
reading approx state /home/fnrizzi/waveRuns/romAccuracyScenario1/train3_v2//rom_mesh256x1024_nThreads_18_dt_0.1_T_2000_snaps_true_mat_bilayer_fRank_1_nPod_117_117_test_0/fomReconstructedState_timestep_20000_sp
 sp_fom_minmax    = -0.009213783202542989 0.006689449546627719
 sp_approx_minmax = -0.024129266867488935 0.030163922350955972
 sp_err_minmax    = -0.030175522546099693 0.024127435698393502
 sp_err_abs_rel_ltwo_norms = 0.10353260918555239 0.2744355494180837
 sp_err_abs_rel_linf_norms = 0.030175522546099693 3.2750415201620218
