reading fom    state /home/fnrizzi/waveRuns/romAccuracyScenario1/train3/fom_mesh256x1024_nThreads_36_dt_0.1_T_2000_snaps_true_seismo_true_mat_bilayer_fRank_1_test_12/state_timestep_20000_vp
reading approx state /home/fnrizzi/waveRuns/romAccuracyScenario1/train3/rom_mesh256x1024_nThreads_18_dt_0.1_T_2000_snaps_true_mat_bilayer_fRank_1_nPod_104_104_test_12/fomReconstructedState_timestep_20000_vp
 vp_fom_minmax    = -3.483618281468883e-10 3.6712963356963777e-10
 vp_approx_minmax = -3.3103202988909497e-10 1.7121958522375015e-09
 vp_err_minmax    = -1.7116339787966656e-09 1.6977833946947324e-10
 vp_err_abs_rel_ltwo_norms = 5.641875329866319e-09 0.397058607048153
 vp_err_abs_rel_linf_norms = 1.7116339787966656e-09 4.662205995615987
