reading fom    state /home/fnrizzi/waveRuns/romAccuracyScenario1/train3/fom_mesh256x1024_nThreads_36_dt_0.1_T_2000_snaps_true_seismo_true_mat_bilayer_fRank_1_test_0/state_timestep_20000_vp
reading approx state /home/fnrizzi/waveRuns/romAccuracyScenario1/train3/rom_mesh256x1024_nThreads_18_dt_0.1_T_2000_snaps_true_mat_bilayer_fRank_1_nPod_2340_2340_test_0/fomReconstructedState_timestep_20000_vp
 vp_fom_minmax    = -2.9149490631310344e-10 3.672894543694797e-10
 vp_approx_minmax = -2.9202753936102487e-10 3.6696614401084664e-10
 vp_err_minmax    = -3.7511081326047535e-12 5.234038396253752e-12
 vp_err_abs_rel_ltwo_norms = 1.754052910951065e-10 0.012634879046936184
 vp_err_abs_rel_linf_norms = 5.234038396253752e-12 0.014250445619896569
