reading fom    state /home/fnrizzi/waveRuns/romAccuracyScenario1/train3/fom_mesh256x1024_nThreads_36_dt_0.1_T_2000_snaps_true_seismo_true_mat_bilayer_fRank_1_test_6/state_timestep_20000_sp
reading approx state /home/fnrizzi/waveRuns/romAccuracyScenario1/train3/rom_mesh256x1024_nThreads_18_dt_0.1_T_2000_snaps_true_mat_bilayer_fRank_1_nPod_204_204_test_6/fomReconstructedState_timestep_20000_sp
 sp_fom_minmax    = -0.009521278842316782 0.007851867327942496
 sp_approx_minmax = -0.009567779518750827 0.007783153113495038
 sp_err_minmax    = -0.004416644830125478 0.0047175924454738866
 sp_err_abs_rel_ltwo_norms = 0.02308142307772319 0.06055275545311422
 sp_err_abs_rel_linf_norms = 0.0047175924454738866 0.4954788661904129
