reading fom    state /home/fnrizzi/waveRuns/romAccuracyScenario2/train2/fom_mesh512x2048_nThreads_36_dt_0.1_T_2000_snaps_true_seismo_true_mat_prem_fRank_1_test_10/state_timestep_20000_vp
reading approx state /home/fnrizzi/waveRuns/romAccuracyScenario2/train2/rom_mesh512x2048_nThreads_18_dt_0.1_T_2000_snaps_true_mat_prem_fRank_14_nPod_170_170/fomReconstructedState_timestep_20000_f_10_vp
 vp_fom_minmax    = -1.240122250486767e-07 1.404439212047895e-07
 vp_approx_minmax = -4.01855705683296e-06 9.523022729521537e-07
 vp_err_minmax    = -9.523047077732946e-07 4.018564120462227e-06
 vp_err_abs_rel_ltwo_norms = 1.618324253680048e-05 4.8162349628706265
 vp_err_abs_rel_linf_norms = 4.018564120462227e-06 28.61330049737449
