reading fom    state /home/fnrizzi/waveRuns/romAccuracyScenario2/train2/fom_mesh512x2048_nThreads_36_dt_0.1_T_2000_snaps_true_seismo_true_mat_prem_fRank_1_test_0/state_timestep_20000_sp
reading approx state /home/fnrizzi/waveRuns/romAccuracyScenario2/train2/rom_mesh512x2048_nThreads_18_dt_0.1_T_2000_snaps_true_mat_prem_fRank_14_nPod_170_170/fomReconstructedState_timestep_20000_f_0_sp
 sp_fom_minmax    = -0.8303701152900599 0.9035025046754709
 sp_approx_minmax = -0.7751056481281293 1.332326641615082
 sp_err_minmax    = -1.3323267139605206 0.7751058310732344
 sp_err_abs_rel_ltwo_norms = 37.504373075763404 1.4058264690509217
 sp_err_abs_rel_linf_norms = 1.3323267139605206 1.4746242617656928
