reading fom    state /home/fnrizzi/waveRuns/romAccuracyScenario2/train2/fom_mesh512x2048_nThreads_36_dt_0.1_T_2000_snaps_true_seismo_true_mat_prem_fRank_1_test_11/state_timestep_20000_vp
reading approx state /home/fnrizzi/waveRuns/romAccuracyScenario2/train2/rom_mesh512x2048_nThreads_18_dt_0.1_T_2000_snaps_true_mat_prem_fRank_14_nPod_170_170/fomReconstructedState_timestep_20000_f_11_vp
 vp_fom_minmax    = -3.53420896070475e-08 2.7250806865745653e-08
 vp_approx_minmax = -8.58168572283221e-08 7.989553649376429e-08
 vp_err_minmax    = -7.990029372746718e-08 8.58159563498707e-08
 vp_err_abs_rel_ltwo_norms = 2.2556402744604105e-06 2.2356947496941166
 vp_err_abs_rel_linf_norms = 8.58159563498707e-08 2.4281517393006182
