reading fom    state /home/fnrizzi/waveRuns/romAccuracyScenario2/train2/fom_mesh512x2048_nThreads_36_dt_0.1_T_2000_snaps_true_seismo_true_mat_prem_fRank_1_test_2/state_timestep_20000_sp
reading approx state /home/fnrizzi/waveRuns/romAccuracyScenario2/train2/rom_mesh512x2048_nThreads_18_dt_0.1_T_2000_snaps_true_mat_prem_fRank_14_nPod_170_170/fomReconstructedState_timestep_20000_f_2_sp
 sp_fom_minmax    = -0.5323036033585555 0.5901295879730385
 sp_approx_minmax = -0.9374859848168164 1.2883348190752792
 sp_err_minmax    = -1.2883347635469722 0.9374863439807191
 sp_err_abs_rel_ltwo_norms = 39.7312543400304 1.7951997992797377
 sp_err_abs_rel_linf_norms = 1.2883347635469722 2.183138737327356
