reading fom    state /home/fnrizzi/waveRuns/romAccuracyScenario2/train2/fom_mesh512x2048_nThreads_36_dt_0.1_T_2000_snaps_true_seismo_true_mat_prem_fRank_1_test_9/state_timestep_20000_vp
reading approx state /home/fnrizzi/waveRuns/romAccuracyScenario2/train2/rom_mesh512x2048_nThreads_18_dt_0.1_T_2000_snaps_true_mat_prem_fRank_14_nPod_170_170/fomReconstructedState_timestep_20000_f_9_vp
 vp_fom_minmax    = -4.178010993194785e-08 3.1759270330385817e-08
 vp_approx_minmax = -8.990515554453741e-08 7.501479633009255e-08
 vp_err_minmax    = -7.502146337549043e-08 8.990400674266162e-08
 vp_err_abs_rel_ltwo_norms = 2.2997577530362834e-06 1.9939578465505714
 vp_err_abs_rel_linf_norms = 8.990400674266162e-08 2.151837486524061
