reading fom    state /home/fnrizzi/waveRuns/romAccuracyScenario2/train2/fom_mesh512x2048_nThreads_36_dt_0.1_T_2000_snaps_true_seismo_true_mat_prem_fRank_1_test_3/state_timestep_20000_vp
reading approx state /home/fnrizzi/waveRuns/romAccuracyScenario2/train2/rom_mesh512x2048_nThreads_18_dt_0.1_T_2000_snaps_true_mat_prem_fRank_14_nPod_170_170/fomReconstructedState_timestep_20000_f_3_vp
 vp_fom_minmax    = -4.0715528577268895e-08 3.066340105088159e-08
 vp_approx_minmax = -8.943525206664566e-08 7.588266476531029e-08
 vp_err_minmax    = -7.58889895826228e-08 8.943410908982548e-08
 vp_err_abs_rel_ltwo_norms = 2.294822773128475e-06 2.030005251549085
 vp_err_abs_rel_linf_norms = 8.943410908982548e-08 2.1965601875977048
