reading fom    state /home/fnrizzi/waveRuns/romAccuracyScenario2/train2/fom_mesh512x2048_nThreads_36_dt_0.1_T_2000_snaps_true_seismo_true_mat_prem_fRank_1_test_13/state_timestep_20000_vp
reading approx state /home/fnrizzi/waveRuns/romAccuracyScenario2/train2/rom_mesh512x2048_nThreads_18_dt_0.1_T_2000_snaps_true_mat_prem_fRank_14_nPod_170_170/fomReconstructedState_timestep_20000_f_13_vp
 vp_fom_minmax    = -3.959188791929077e-08 2.947016804189463e-08
 vp_approx_minmax = -8.88780563405854e-08 7.676710777705815e-08
 vp_err_minmax    = -7.677308687762418e-08 8.887693177074767e-08
 vp_err_abs_rel_ltwo_norms = 2.2888570147004195e-06 2.069049905793
 vp_err_abs_rel_linf_norms = 8.887693177074767e-08 2.2448268178553628
