reading fom    state /home/fnrizzi/waveRuns/romAccuracyScenario2/train2/fom_mesh512x2048_nThreads_36_dt_0.1_T_2000_snaps_true_seismo_true_mat_prem_fRank_1_test_13/state_timestep_20000_sp
reading approx state /home/fnrizzi/waveRuns/romAccuracyScenario2/train2/rom_mesh512x2048_nThreads_18_dt_0.1_T_2000_snaps_true_mat_prem_fRank_14_nPod_170_170/fomReconstructedState_timestep_20000_f_13_sp
 sp_fom_minmax    = -0.3882001245748058 0.39643063846874643
 sp_approx_minmax = -1.0425138588604215 1.294845958769468
 sp_err_minmax    = -1.2948458450808993 1.0425143269734216
 sp_err_abs_rel_ltwo_norms = 41.36489301178224 2.153508610881387
 sp_err_abs_rel_linf_norms = 1.2948458450808993 3.266260776620023
