reading fom    state /home/fnrizzi/waveRuns/romAccuracyScenario1/train3/fom_mesh256x1024_nThreads_36_dt_0.1_T_2000_snaps_true_seismo_true_mat_bilayer_fRank_1_test_11/state_timestep_20000_vp
reading approx state /home/fnrizzi/waveRuns/romAccuracyScenario1/train3/rom_mesh256x1024_nThreads_18_dt_0.1_T_2000_snaps_true_mat_bilayer_fRank_1_nPod_104_104_test_11/fomReconstructedState_timestep_20000_vp
 vp_fom_minmax    = -2.3192295436893545e-10 3.1914482917700973e-10
 vp_approx_minmax = -1.498224398534124e-09 3.62959086953021e-10
 vp_err_minmax    = -1.9036470375081952e-10 1.497872248142733e-09
 vp_err_abs_rel_ltwo_norms = 6.609516875870889e-09 0.4917902990527079
 vp_err_abs_rel_linf_norms = 1.497872248142733e-09 4.693393441483448
