reading fom    state /home/fnrizzi/waveRuns/romAccuracyScenario1/train3_v2//fom_mesh256x1024_nThreads_36_dt_0.1_T_2000_snaps_true_seismo_true_mat_bilayer_fRank_1_test_7/state_timestep_20000_vp
reading approx state /home/fnrizzi/waveRuns/romAccuracyScenario1/train3_v2//rom_mesh256x1024_nThreads_18_dt_0.1_T_2000_snaps_true_mat_bilayer_fRank_1_nPod_2385_2385_test_7/fomReconstructedState_timestep_20000_vp
 vp_fom_minmax    = -3.0716946780546993e-10 3.71225311503799e-10
 vp_approx_minmax = -3.100563898117847e-10 3.723535020884519e-10
 vp_err_minmax    = -1.5457619645086617e-11 1.3941693921476857e-11
 vp_err_abs_rel_ltwo_norms = 3.7557788046208866e-10 0.026886504343130717
 vp_err_abs_rel_linf_norms = 1.5457619645086617e-11 0.041639454978081226
