reading fom    state /home/fnrizzi/waveRuns/romAccuracyScenario1/train3_v2//fom_mesh256x1024_nThreads_36_dt_0.1_T_2000_snaps_true_seismo_true_mat_bilayer_fRank_1_test_2/state_timestep_20000_sp
reading approx state /home/fnrizzi/waveRuns/romAccuracyScenario1/train3_v2//rom_mesh256x1024_nThreads_18_dt_0.1_T_2000_snaps_true_mat_bilayer_fRank_1_nPod_222_222_test_2/fomReconstructedState_timestep_20000_sp
 sp_fom_minmax    = -0.0085811839429736 0.006066039159128929
 sp_approx_minmax = -0.011380465555099362 0.010272363705013434
 sp_err_minmax    = -0.010258871249353341 0.01137034135657309
 sp_err_abs_rel_ltwo_norms = 0.03570675636684395 0.09554533535100537
 sp_err_abs_rel_linf_norms = 0.01137034135657309 1.3250317709228565
