reading fom    state /home/fnrizzi/romAccuracyT4/fom_mesh512x2048_nThreads_36_dt_0.1_T_2000.0_snaps_true_seismo_true_mat_prem_fRank_1_test_6/finalFomState_sp_0
reading approx state /home/fnrizzi/romAccuracyT4/rom_mesh512x2048_nThreads_18_dt_0.1_T_2000.0_snaps_true_mat_prem_fRank_14_nPod_275_275/finalFomState_sp_6
 sp_fom_minmax    = -1.2055459987463144 1.2320072712135786
 sp_approx_minmax = -1.2646816586654896 1.1876833550555546
 sp_err_minmax    = -0.8086883963855841 0.7190105259655465
 sp_err_abs_rel_ltwo_norms = 11.745778320341802 0.363134692224512
 sp_err_abs_rel_linf_norms = 0.8086883963855841 0.6563990451038428
