reading fom    state /home/fnrizzi/romAccuracyT4/fom_mesh512x2048_nThreads_36_dt_0.1_T_2000.0_snaps_true_seismo_true_mat_prem_fRank_1_test_2/finalFomState_sp_0
reading approx state /home/fnrizzi/romAccuracyT4/rom_mesh512x2048_nThreads_18_dt_0.1_T_2000.0_snaps_true_mat_prem_fRank_14_nPod_275_275/finalFomState_sp_2
 sp_fom_minmax    = -0.5323036033585555 0.5901295879730385
 sp_approx_minmax = -0.5732274921109786 0.5761652223309387
 sp_err_minmax    = -0.281280685286962 0.5274195265559035
 sp_err_abs_rel_ltwo_norms = 9.130289202245404 0.4125390354646519
 sp_err_abs_rel_linf_norms = 0.5274195265559035 0.8937351003996769
