reading fom    state /home/fnrizzi/romAccuracyT4/fom_mesh512x2048_nThreads_36_dt_0.1_T_2000.0_snaps_true_seismo_true_mat_prem_fRank_1_test_0/finalFomState_vp_0
reading approx state /home/fnrizzi/romAccuracyT4/rom_mesh512x2048_nThreads_18_dt_0.1_T_2000.0_snaps_true_mat_prem_fRank_14_nPod_275_275/finalFomState_vp_0
 vp_fom_minmax    = -6.211123254338066e-08 5.62863979675722e-08
 vp_approx_minmax = -5.998906121086894e-08 9.714530092689867e-08
 vp_err_minmax    = -9.714471205737509e-08 1.3369192533059475e-08
 vp_err_abs_rel_ltwo_norms = 8.432794951537054e-07 0.5402676814943691
 vp_err_abs_rel_linf_norms = 9.714471205737509e-08 1.564044184592953
