reading fom    state /home/fnrizzi/romAccuracyT4/fom_mesh512x2048_nThreads_36_dt_0.1_T_2000.0_snaps_true_seismo_true_mat_prem_fRank_1_test_3/finalFomState_vp_0
reading approx state /home/fnrizzi/romAccuracyT4/rom_mesh512x2048_nThreads_18_dt_0.1_T_2000.0_snaps_true_mat_prem_fRank_14_nPod_275_275/finalFomState_vp_3
 vp_fom_minmax    = -4.0715528577268895e-08 3.066340105088159e-08
 vp_approx_minmax = -4.200622020698427e-08 4.738538543859806e-08
 vp_err_minmax    = -4.738602771133224e-08 7.112307656896596e-09
 vp_err_abs_rel_ltwo_norms = 5.15182965948512e-07 0.4557319801033554
 vp_err_abs_rel_linf_norms = 4.738602771133224e-08 1.16383181963128
