reading fom    state /home/fnrizzi/romAccuracyT4/fom_mesh512x2048_nThreads_36_dt_0.1_T_2000.0_snaps_true_seismo_true_mat_prem_fRank_1_test_13/finalFomState_sp_0
reading approx state /home/fnrizzi/romAccuracyT4/rom_mesh512x2048_nThreads_18_dt_0.1_T_2000.0_snaps_true_mat_prem_fRank_14_nPod_275_275/finalFomState_sp_13
 sp_fom_minmax    = -0.3882001245748058 0.39643063846874643
 sp_approx_minmax = -0.5009981629522151 0.40020102408889646
 sp_err_minmax    = -0.2517401985742643 0.5009982175988514
 sp_err_abs_rel_ltwo_norms = 9.506871485305112 0.49493974516785955
 sp_err_abs_rel_linf_norms = 0.5009982175988514 1.2637726981295085
