reading fom    state /home/fnrizzi/romAccuracyT4/fom_mesh512x2048_nThreads_36_dt_0.1_T_2000.0_snaps_true_seismo_true_mat_prem_fRank_1_test_11/finalFomState_sp_0
reading approx state /home/fnrizzi/romAccuracyT4/rom_mesh512x2048_nThreads_18_dt_0.1_T_2000.0_snaps_true_mat_prem_fRank_14_nPod_275_275/finalFomState_sp_11
 sp_fom_minmax    = -0.3438349054478519 0.37960949010065237
 sp_approx_minmax = -0.49644024639269513 0.41138030038017187
 sp_err_minmax    = -0.24426378085925363 0.49644008534019735
 sp_err_abs_rel_ltwo_norms = 10.046665771143266 0.569103287550327
 sp_err_abs_rel_linf_norms = 0.49644008534019735 1.3077652121093382
