reading fom    state /home/fnrizzi/romAccuracyT4/fom_mesh512x2048_nThreads_36_dt_0.1_T_2000.0_snaps_true_seismo_true_mat_prem_fRank_1_test_7/finalFomState_vp_0
reading approx state /home/fnrizzi/romAccuracyT4/rom_mesh512x2048_nThreads_18_dt_0.1_T_2000.0_snaps_true_mat_prem_fRank_14_nPod_275_275/finalFomState_vp_7
 vp_fom_minmax    = -9.530837765569947e-08 9.31448076279754e-08
 vp_approx_minmax = -8.636456544718898e-08 1.4589901270495682e-07
 vp_err_minmax    = -1.4589490802506535e-07 2.1241130565381224e-08
 vp_err_abs_rel_ltwo_norms = 1.1731122404752534e-06 0.5768306915361862
 vp_err_abs_rel_linf_norms = 1.4589490802506535e-07 1.5307668812925261
