reading fom    state /home/fnrizzi/waveRuns/romAccuracyScenario1/train3_v2//fom_mesh256x1024_nThreads_36_dt_0.1_T_2000_snaps_true_seismo_true_mat_bilayer_fRank_1_test_1/state_timestep_20000_sp
reading approx state /home/fnrizzi/waveRuns/romAccuracyScenario1/train3_v2//rom_mesh256x1024_nThreads_18_dt_0.1_T_2000_snaps_true_mat_bilayer_fRank_1_nPod_2385_2385_test_1/fomReconstructedState_timestep_20000_sp
 sp_fom_minmax    = -0.008585311102855478 0.006068857766502909
 sp_approx_minmax = -0.008590246386778565 0.006086595919160301
 sp_err_minmax    = -0.0003208508614913402 0.0003160974539269548
 sp_err_abs_rel_ltwo_norms = 0.012671341520088399 0.03390485381179413
 sp_err_abs_rel_linf_norms = 0.0003208508614913402 0.03737207162878758
