reading fom    state /home/fnrizzi/waveRuns/romAccuracyScenario1/train3_v2//fom_mesh256x1024_nThreads_36_dt_0.1_T_2000_snaps_true_seismo_true_mat_bilayer_fRank_1_test_11/state_timestep_20000_vp
reading approx state /home/fnrizzi/waveRuns/romAccuracyScenario1/train3_v2//rom_mesh256x1024_nThreads_18_dt_0.1_T_2000_snaps_true_mat_bilayer_fRank_1_nPod_117_117_test_11/fomReconstructedState_timestep_20000_vp
 vp_fom_minmax    = -2.336509731008229e-10 3.559504912376944e-10
 vp_approx_minmax = -1.872216616584371e-09 3.514093791575102e-10
 vp_err_minmax    = -1.377527917685834e-10 1.872251626796644e-09
 vp_err_abs_rel_ltwo_norms = 5.7929069230550286e-09 0.4418879711832584
 vp_err_abs_rel_linf_norms = 1.872251626796644e-09 5.259865270269858
