reading fom    state /home/fnrizzi/waveRuns/romAccuracyScenario1/train3/fom_mesh256x1024_nThreads_36_dt_0.1_T_2000_snaps_true_seismo_true_mat_bilayer_fRank_1_test_12/state_timestep_20000_vp
reading approx state /home/fnrizzi/waveRuns/romAccuracyScenario1/train3/rom_mesh256x1024_nThreads_18_dt_0.1_T_2000_snaps_true_mat_bilayer_fRank_1_nPod_2255_2255_test_12/fomReconstructedState_timestep_20000_vp
 vp_fom_minmax    = -3.483618281468883e-10 3.6712963356963777e-10
 vp_approx_minmax = -3.483816480542293e-10 3.671413694966289e-10
 vp_err_minmax    = -9.112082502196616e-13 1.2397409749802312e-12
 vp_err_abs_rel_ltwo_norms = 1.0036164355560427e-11 0.00070631575604482
 vp_err_abs_rel_linf_norms = 1.2397409749802312e-12 0.0033768480166694987
