reading fom    state /home/fnrizzi/waveRuns/romAccuracyScenario1/train3/fom_mesh256x1024_nThreads_36_dt_0.1_T_2000_snaps_true_seismo_true_mat_bilayer_fRank_1_test_1/state_timestep_20000_sp
reading approx state /home/fnrizzi/waveRuns/romAccuracyScenario1/train3/rom_mesh256x1024_nThreads_18_dt_0.1_T_2000_snaps_true_mat_bilayer_fRank_1_nPod_2255_2255_test_1/fomReconstructedState_timestep_20000_sp
 sp_fom_minmax    = -0.00924720743857536 0.00679917119249987
 sp_approx_minmax = -0.00927962864003581 0.006828541750378615
 sp_err_minmax    = -0.0004846832790685817 0.0002954369066662031
 sp_err_abs_rel_ltwo_norms = 0.006275287590356711 0.0166157556443972
 sp_err_abs_rel_linf_norms = 0.0004846832790685817 0.052414016046259775
