reading fom    state /home/fnrizzi/waveRuns/romAccuracyScenario1/train3//fom_mesh256x1024_nThreads_36_dt_0.1_T_2000_snaps_true_seismo_true_mat_bilayer_fRank_1_test_10/state_timestep_20000_sp
reading approx state /home/fnrizzi/waveRuns/romAccuracyScenario1/train3//rom_mesh256x1024_nThreads_18_dt_0.1_T_2000_snaps_true_mat_bilayer_fRank_1_nPod_2255_2255_test_10/fomReconstructedState_timestep_20000_sp
 sp_fom_minmax    = -0.008965573843383558 0.00881978720381134
 sp_approx_minmax = -0.008908085434283106 0.008798134271351685
 sp_err_minmax    = -0.00044996768972547065 0.0006386229620180644
 sp_err_abs_rel_ltwo_norms = 0.011984494910329284 0.03115142459057878
 sp_err_abs_rel_linf_norms = 0.0006386229620180644 0.07123057298662007
