reading fom    state /home/fnrizzi/waveRuns/romAccuracyScenario1/train3_v2//fom_mesh256x1024_nThreads_36_dt_0.1_T_2000_snaps_true_seismo_true_mat_bilayer_fRank_1_test_10/state_timestep_20000_sp
reading approx state /home/fnrizzi/waveRuns/romAccuracyScenario1/train3_v2//rom_mesh256x1024_nThreads_18_dt_0.1_T_2000_snaps_true_mat_bilayer_fRank_1_nPod_2385_2385_test_10/fomReconstructedState_timestep_20000_sp
 sp_fom_minmax    = -0.008965573843383558 0.00881978720381134
 sp_approx_minmax = -0.00879909624723336 0.008747420515264498
 sp_err_minmax    = -0.0006666676738956673 0.0005485800734097686
 sp_err_abs_rel_ltwo_norms = 0.018961312787999195 0.04928634121615266
 sp_err_abs_rel_linf_norms = 0.0006666676738956673 0.07435861725545395
