reading fom    state /home/fnrizzi/waveRuns/romAccuracyScenario1/train3_v2//fom_mesh256x1024_nThreads_36_dt_0.1_T_2000_snaps_true_seismo_true_mat_bilayer_fRank_1_test_10/state_timestep_20000_vp
reading approx state /home/fnrizzi/waveRuns/romAccuracyScenario1/train3_v2//rom_mesh256x1024_nThreads_18_dt_0.1_T_2000_snaps_true_mat_bilayer_fRank_1_nPod_2385_2385_test_10/fomReconstructedState_timestep_20000_vp
 vp_fom_minmax    = -3.6123257051610133e-10 3.53189916651468e-10
 vp_approx_minmax = -3.5644364773191045e-10 3.524990145915017e-10
 vp_err_minmax    = -2.7214694516120378e-11 3.038550476410446e-11
 vp_err_abs_rel_ltwo_norms = 7.121815690794236e-10 0.04966475086085607
 vp_err_abs_rel_linf_norms = 3.038550476410446e-11 0.0841161823273355
