reading fom    state /home/fnrizzi/waveRuns/romAccuracyScenario1/train3_v2//fom_mesh256x1024_nThreads_36_dt_0.1_T_2000_snaps_true_seismo_true_mat_bilayer_fRank_1_test_12/state_timestep_20000_vp
reading approx state /home/fnrizzi/waveRuns/romAccuracyScenario1/train3_v2//rom_mesh256x1024_nThreads_18_dt_0.1_T_2000_snaps_true_mat_bilayer_fRank_1_nPod_1914_1914_test_12/fomReconstructedState_timestep_20000_vp
 vp_fom_minmax    = -3.483618281468883e-10 3.6712963356963777e-10
 vp_approx_minmax = -3.487595303280591e-10 3.6714318366304463e-10
 vp_err_minmax    = -4.0669078102860935e-11 2.9489708202191866e-11
 vp_err_abs_rel_ltwo_norms = 2.576158147365222e-10 0.018130244036300286
 vp_err_abs_rel_linf_norms = 4.0669078102860935e-11 0.11077579793118704
