reading fom    state /home/fnrizzi/waveRuns/romAccuracyScenario1/train3_v2//fom_mesh256x1024_nThreads_36_dt_0.1_T_2000_snaps_true_seismo_true_mat_bilayer_fRank_1_test_12/state_timestep_20000_sp
reading approx state /home/fnrizzi/waveRuns/romAccuracyScenario1/train3_v2//rom_mesh256x1024_nThreads_18_dt_0.1_T_2000_snaps_true_mat_bilayer_fRank_1_nPod_1914_1914_test_12/fomReconstructedState_timestep_20000_sp
 sp_fom_minmax    = -0.009224853803041584 0.008569853232973768
 sp_approx_minmax = -0.041237769257263836 0.0178795207511029
 sp_err_minmax    = -0.017883760678328687 0.041241123518194034
 sp_err_abs_rel_ltwo_norms = 0.07287631827202942 0.19007904836564904
 sp_err_abs_rel_linf_norms = 0.041241123518194034 4.470653345703556
