reading fom    state /home/fnrizzi/waveRuns/romAccuracyScenario2/train2//fom_mesh512x2048_nThreads_36_dt_0.1_T_2000_snaps_true_seismo_true_mat_prem_fRank_1_test_2/state_timestep_20000_vp
reading approx state /home/fnrizzi/waveRuns/romAccuracyScenario2/train2//rom_mesh512x2048_nThreads_18_dt_0.1_T_2000_snaps_true_mat_prem_fRank_14_nPod_436_417/fomReconstructedState_timestep_20000_f_2_vp
 vp_fom_minmax    = -4.792533511328501e-08 3.748258399512784e-08
 vp_approx_minmax = -4.791669505930152e-08 3.747627161888861e-08
 vp_err_minmax    = -7.560128457928256e-11 6.606634314188446e-11
 vp_err_abs_rel_ltwo_norms = 2.0039119004557725e-09 0.0015560558699558792
 vp_err_abs_rel_linf_norms = 7.560128457928256e-11 0.0015774805622240859
