reading fom    state /home/fnrizzi/waveRuns/romAccuracyScenario2/train2//fom_mesh512x2048_nThreads_36_dt_0.1_T_2000_snaps_true_seismo_true_mat_prem_fRank_1_test_3/state_timestep_20000_vp
reading approx state /home/fnrizzi/waveRuns/romAccuracyScenario2/train2//rom_mesh512x2048_nThreads_18_dt_0.1_T_2000_snaps_true_mat_prem_fRank_14_nPod_436_417/fomReconstructedState_timestep_20000_f_3_vp
 vp_fom_minmax    = -4.0715528577268895e-08 3.066340105088159e-08
 vp_approx_minmax = -4.072446755548162e-08 3.0654388967725324e-08
 vp_err_minmax    = -2.2417589564386427e-11 2.5725822608921986e-11
 vp_err_abs_rel_ltwo_norms = 1.966833714805187e-09 0.0017398654121491047
 vp_err_abs_rel_linf_norms = 2.5725822608921986e-11 0.0006318430217625733
