reading fom    state /home/fnrizzi/waveRuns/romAccuracyScenario2/train2//fom_mesh512x2048_nThreads_36_dt_0.1_T_2000_snaps_true_seismo_true_mat_prem_fRank_1_test_4/state_timestep_20000_vp
reading approx state /home/fnrizzi/waveRuns/romAccuracyScenario2/train2//rom_mesh512x2048_nThreads_18_dt_0.1_T_2000_snaps_true_mat_prem_fRank_14_nPod_436_417/fomReconstructedState_timestep_20000_f_4_vp
 vp_fom_minmax    = -8.389318122707831e-08 7.931851793649922e-08
 vp_approx_minmax = -8.384780706074914e-08 7.930467370589853e-08
 vp_err_minmax    = -1.1331529385135665e-10 1.495011490432766e-10
 vp_err_abs_rel_ltwo_norms = 4.553754903696547e-09 0.002459524175977675
 vp_err_abs_rel_linf_norms = 1.495011490432766e-10 0.001782041720871373
