reading fom    state /home/fnrizzi/waveRuns/romAccuracyScenario2/train2//fom_mesh512x2048_nThreads_36_dt_0.1_T_2000_snaps_true_seismo_true_mat_prem_fRank_1_test_9/state_timestep_20000_sp
reading approx state /home/fnrizzi/waveRuns/romAccuracyScenario2/train2//rom_mesh512x2048_nThreads_18_dt_0.1_T_2000_snaps_true_mat_prem_fRank_14_nPod_436_417/fomReconstructedState_timestep_20000_f_9_sp
 sp_fom_minmax    = -0.42112955016071196 0.43925576279258444
 sp_approx_minmax = -0.4209090029846512 0.43928389460805023
 sp_err_minmax    = -0.0006614308116386636 0.0008071568775986637
 sp_err_abs_rel_ltwo_norms = 0.03327370079508893 0.0016668860681532734
 sp_err_abs_rel_linf_norms = 0.0008071568775986637 0.0018375555791622052
