reading fom    state /home/fnrizzi/waveRuns/romAccuracyScenario2/train2//fom_mesh512x2048_nThreads_36_dt_0.1_T_2000_snaps_true_seismo_true_mat_prem_fRank_1_test_8/state_timestep_20000_sp
reading approx state /home/fnrizzi/waveRuns/romAccuracyScenario2/train2//rom_mesh512x2048_nThreads_18_dt_0.1_T_2000_snaps_true_mat_prem_fRank_14_nPod_436_417/fomReconstructedState_timestep_20000_f_8_sp
 sp_fom_minmax    = -1.5470657008854076 1.472142316594941
 sp_approx_minmax = -1.5462881078331476 1.4729326371533973
 sp_err_minmax    = -0.0031083230982875687 0.005207985229915224
 sp_err_abs_rel_ltwo_norms = 0.1300962794440669 0.0033904478349989424
 sp_err_abs_rel_linf_norms = 0.005207985229915224 0.003366363320532942
