reading fom    state /home/fnrizzi/waveRuns/romAccuracyScenario2/train2//fom_mesh512x2048_nThreads_36_dt_0.1_T_2000_snaps_true_seismo_true_mat_prem_fRank_1_test_11/state_timestep_20000_vp
reading approx state /home/fnrizzi/waveRuns/romAccuracyScenario2/train2//rom_mesh512x2048_nThreads_18_dt_0.1_T_2000_snaps_true_mat_prem_fRank_14_nPod_436_417/fomReconstructedState_timestep_20000_f_11_vp
 vp_fom_minmax    = -3.53420896070475e-08 2.7250806865745653e-08
 vp_approx_minmax = -3.530114540701938e-08 2.7219632323140995e-08
 vp_err_minmax    = -1.5698207489393875e-10 2.2030392478274615e-10
 vp_err_abs_rel_ltwo_norms = 7.526926052285079e-09 0.007460369123110799
 vp_err_abs_rel_linf_norms = 2.2030392478274615e-10 0.006233471965925177
