reading fom    state /home/fnrizzi/waveRuns/romAccuracyScenario2/train2//fom_mesh512x2048_nThreads_36_dt_0.1_T_2000_snaps_true_seismo_true_mat_prem_fRank_1_test_10/state_timestep_20000_sp
reading approx state /home/fnrizzi/waveRuns/romAccuracyScenario2/train2//rom_mesh512x2048_nThreads_18_dt_0.1_T_2000_snaps_true_mat_prem_fRank_14_nPod_436_417/fomReconstructedState_timestep_20000_f_10_sp
 sp_fom_minmax    = -2.0760992946412564 1.8039889154082287
 sp_approx_minmax = -2.0756081344804027 1.8036963829251607
 sp_err_minmax    = -0.030073194306468872 0.06601475083857698
 sp_err_abs_rel_ltwo_norms = 0.4542082559775197 0.00781677731152631
 sp_err_abs_rel_linf_norms = 0.06601475083857698 0.03179749206069844
