reading fom    state /home/fnrizzi/waveRuns/romAccuracyScenario2/train2//fom_mesh512x2048_nThreads_36_dt_0.1_T_2000_snaps_true_seismo_true_mat_prem_fRank_1_test_1/state_timestep_20000_sp
reading approx state /home/fnrizzi/waveRuns/romAccuracyScenario2/train2//rom_mesh512x2048_nThreads_18_dt_0.1_T_2000_snaps_true_mat_prem_fRank_14_nPod_436_417/fomReconstructedState_timestep_20000_f_1_sp
 sp_fom_minmax    = -0.5333560753871908 0.5913344063462482
 sp_approx_minmax = -0.533038434197587 0.590908017649359
 sp_err_minmax    = -0.0008224851414230239 0.000713412737831931
 sp_err_abs_rel_ltwo_norms = 0.038950251135833516 0.0017585532221160857
 sp_err_abs_rel_linf_norms = 0.0008224851414230239 0.0013908968133699772
