reading fom    state /home/fnrizzi/waveRuns/romAccuracyScenario2/train2//fom_mesh512x2048_nThreads_36_dt_0.1_T_2000_snaps_true_seismo_true_mat_prem_fRank_1_test_7/state_timestep_20000_sp
reading approx state /home/fnrizzi/waveRuns/romAccuracyScenario2/train2//rom_mesh512x2048_nThreads_18_dt_0.1_T_2000_snaps_true_mat_prem_fRank_14_nPod_436_417/fomReconstructedState_timestep_20000_f_7_sp
 sp_fom_minmax    = -1.358115975068079 1.3459612899400317
 sp_approx_minmax = -1.3580309599147475 1.3467400320522867
 sp_err_minmax    = -0.001371397072532421 0.0031350055196865956
 sp_err_abs_rel_ltwo_norms = 0.0873573385746527 0.0025053222599073187
 sp_err_abs_rel_linf_norms = 0.0031350055196865956 0.0023083489018892113
