reading fom    state /home/fnrizzi/waveRuns/romAccuracyScenario2/train2//fom_mesh512x2048_nThreads_36_dt_0.1_T_2000_snaps_true_seismo_true_mat_prem_fRank_1_test_13/state_timestep_20000_vp
reading approx state /home/fnrizzi/waveRuns/romAccuracyScenario2/train2//rom_mesh512x2048_nThreads_18_dt_0.1_T_2000_snaps_true_mat_prem_fRank_14_nPod_436_417/fomReconstructedState_timestep_20000_f_13_vp
 vp_fom_minmax    = -3.959188791929077e-08 2.947016804189463e-08
 vp_approx_minmax = -3.9593929456521216e-08 2.9455411598521335e-08
 vp_err_minmax    = -1.5642288311539315e-11 2.7868085906617122e-11
 vp_err_abs_rel_ltwo_norms = 1.8601319508767714e-09 0.001681496840128249
 vp_err_abs_rel_linf_norms = 2.7868085906617122e-11 0.0007038837340474148
