reading fom    state /home/fnrizzi/waveRuns/romAccuracyScenario2/train2//fom_mesh512x2048_nThreads_36_dt_0.1_T_2000_snaps_true_seismo_true_mat_prem_fRank_1_test_11/state_timestep_20000_sp
reading approx state /home/fnrizzi/waveRuns/romAccuracyScenario2/train2//rom_mesh512x2048_nThreads_18_dt_0.1_T_2000_snaps_true_mat_prem_fRank_14_nPod_436_417/fomReconstructedState_timestep_20000_f_11_sp
 sp_fom_minmax    = -0.3438349054478519 0.37960949010065237
 sp_approx_minmax = -0.3449191071711765 0.3797064717856256
 sp_err_minmax    = -0.004871057061519579 0.0024394003603329384
 sp_err_abs_rel_ltwo_norms = 0.12592632177528912 0.0071332206469213715
 sp_err_abs_rel_linf_norms = 0.004871057061519579 0.012831757868403217
