reading fom    state /home/fnrizzi/waveRuns/romAccuracyScenario2/train2//fom_mesh512x2048_nThreads_36_dt_0.1_T_2000_snaps_true_seismo_true_mat_prem_fRank_1_test_5/state_timestep_20000_sp
reading approx state /home/fnrizzi/waveRuns/romAccuracyScenario2/train2//rom_mesh512x2048_nThreads_18_dt_0.1_T_2000_snaps_true_mat_prem_fRank_14_nPod_436_417/fomReconstructedState_timestep_20000_f_5_sp
 sp_fom_minmax    = -1.5911772184743067 1.5017164637347515
 sp_approx_minmax = -1.5903063823309973 1.5016542566873718
 sp_err_minmax    = -0.0032615114465048833 0.005295447129846587
 sp_err_abs_rel_ltwo_norms = 0.13616551625982085 0.003466671115173543
 sp_err_abs_rel_linf_norms = 0.005295447129846587 0.003328005874118851
