reading fom    state /home/fnrizzi/waveRuns/romAccuracyScenario2/train2//fom_mesh512x2048_nThreads_36_dt_0.1_T_2000_snaps_true_seismo_true_mat_prem_fRank_1_test_12/state_timestep_20000_sp
reading approx state /home/fnrizzi/waveRuns/romAccuracyScenario2/train2//rom_mesh512x2048_nThreads_18_dt_0.1_T_2000_snaps_true_mat_prem_fRank_14_nPod_436_417/fomReconstructedState_timestep_20000_f_12_sp
 sp_fom_minmax    = -1.9181854392302928 1.7386659448612778
 sp_approx_minmax = -1.9181794444913904 1.738639700345159
 sp_err_minmax    = -0.0016866432384295387 0.002483655252702721
 sp_err_abs_rel_ltwo_norms = 0.019021204842361323 0.00039383103823608366
 sp_err_abs_rel_linf_norms = 0.002483655252702721 0.0012947941329902563
