reading fom    state /home/fnrizzi/waveRuns/romAccuracyScenario2/train2//fom_mesh512x2048_nThreads_36_dt_0.1_T_2000_snaps_true_seismo_true_mat_prem_fRank_1_test_3/state_timestep_20000_sp
reading approx state /home/fnrizzi/waveRuns/romAccuracyScenario2/train2//rom_mesh512x2048_nThreads_18_dt_0.1_T_2000_snaps_true_mat_prem_fRank_14_nPod_436_417/fomReconstructedState_timestep_20000_f_3_sp
 sp_fom_minmax    = -0.4049200801282478 0.4145446855028664
 sp_approx_minmax = -0.40475639755317233 0.41460937514423146
 sp_err_minmax    = -0.0004506312359759401 0.0005030904232831146
 sp_err_abs_rel_ltwo_norms = 0.029275371311996676 0.0014940215545953249
 sp_err_abs_rel_linf_norms = 0.0005030904232831146 0.0012135975707247028
