reading fom    state /home/fnrizzi/waveRuns/romAccuracyScenario2/train2//fom_mesh512x2048_nThreads_36_dt_0.1_T_2000_snaps_true_seismo_true_mat_prem_fRank_1_test_12/state_timestep_20000_vp
reading approx state /home/fnrizzi/waveRuns/romAccuracyScenario2/train2//rom_mesh512x2048_nThreads_18_dt_0.1_T_2000_snaps_true_mat_prem_fRank_14_nPod_436_417/fomReconstructedState_timestep_20000_f_12_vp
 vp_fom_minmax    = -1.203220505688684e-07 1.3162000284543027e-07
 vp_approx_minmax = -1.2032488469272307e-07 1.31618349216679e-07
 vp_err_minmax    = -4.284434297193596e-10 1.6191138305923706e-10
 vp_err_abs_rel_ltwo_norms = 1.6309845533896735e-09 0.000582743895515605
 vp_err_abs_rel_linf_norms = 4.284434297193596e-10 0.003255154387304701
