reading fom    state /home/fnrizzi/waveRuns/romAccuracyScenario2/train2//fom_mesh512x2048_nThreads_36_dt_0.1_T_2000_snaps_true_seismo_true_mat_prem_fRank_1_test_7/state_timestep_20000_vp
reading approx state /home/fnrizzi/waveRuns/romAccuracyScenario2/train2//rom_mesh512x2048_nThreads_18_dt_0.1_T_2000_snaps_true_mat_prem_fRank_14_nPod_436_417/fomReconstructedState_timestep_20000_f_7_vp
 vp_fom_minmax    = -9.530837765569947e-08 9.31448076279754e-08
 vp_approx_minmax = -9.521690021095e-08 9.311192529176823e-08
 vp_err_minmax    = -1.5057869481802005e-10 2.186070188683345e-10
 vp_err_abs_rel_ltwo_norms = 5.711314558158507e-09 0.002808308883409656
 vp_err_abs_rel_linf_norms = 2.186070188683345e-10 0.00229368104090545
