reading fom    state /home/fnrizzi/waveRuns/romAccuracyScenario2/train2//fom_mesh512x2048_nThreads_36_dt_0.1_T_2000_snaps_true_seismo_true_mat_prem_fRank_1_test_1/state_timestep_20000_vp
reading approx state /home/fnrizzi/waveRuns/romAccuracyScenario2/train2//rom_mesh512x2048_nThreads_18_dt_0.1_T_2000_snaps_true_mat_prem_fRank_14_nPod_436_417/fomReconstructedState_timestep_20000_f_1_vp
 vp_fom_minmax    = -4.797190215602297e-08 3.7522259867295666e-08
 vp_approx_minmax = -4.796301178812882e-08 3.751585734439523e-08
 vp_err_minmax    = -7.631037264644723e-11 6.669415549493846e-11
 vp_err_abs_rel_ltwo_norms = 2.0118434206776903e-09 0.0015609436087008228
 vp_err_abs_rel_linf_norms = 7.631037264644723e-11 0.0015907305988880059
