reading fom    state /home/fnrizzi/waveRuns/romAccuracyScenario2/train2//fom_mesh512x2048_nThreads_36_dt_0.1_T_2000_snaps_true_seismo_true_mat_prem_fRank_1_test_2/state_timestep_20000_sp
reading approx state /home/fnrizzi/waveRuns/romAccuracyScenario2/train2//rom_mesh512x2048_nThreads_18_dt_0.1_T_2000_snaps_true_mat_prem_fRank_14_nPod_436_417/fomReconstructedState_timestep_20000_f_2_sp
 sp_fom_minmax    = -0.5323036033585555 0.5901295879730385
 sp_approx_minmax = -0.5319837049730916 0.5897070857217543
 sp_err_minmax    = -0.0008144372196502436 0.0007143077835535805
 sp_err_abs_rel_ltwo_norms = 0.0388853195427225 0.001756977447542888
 sp_err_abs_rel_linf_norms = 0.0008144372196502436 0.0013800989413997205
