reading fom    state /home/fnrizzi/waveRuns/romAccuracyScenario2/train2//fom_mesh512x2048_nThreads_36_dt_0.1_T_2000_snaps_true_seismo_true_mat_prem_fRank_1_test_10/state_timestep_20000_vp
reading approx state /home/fnrizzi/waveRuns/romAccuracyScenario2/train2//rom_mesh512x2048_nThreads_18_dt_0.1_T_2000_snaps_true_mat_prem_fRank_14_nPod_436_417/fomReconstructedState_timestep_20000_f_10_vp
 vp_fom_minmax    = -1.240122250486767e-07 1.404439212047895e-07
 vp_approx_minmax = -1.2407647673589424e-07 1.4044118690230854e-07
 vp_err_minmax    = -9.767518427747816e-09 3.840952093581463e-09
 vp_err_abs_rel_ltwo_norms = 3.8023925668260896e-08 0.011316159898897385
 vp_err_abs_rel_linf_norms = 9.767518427747816e-09 0.06954746310098552
