reading fom    state /home/fnrizzi/waveRuns/romAccuracyScenario2/train2//fom_mesh512x2048_nThreads_36_dt_0.1_T_2000_snaps_true_seismo_true_mat_prem_fRank_1_test_13/state_timestep_20000_sp
reading approx state /home/fnrizzi/waveRuns/romAccuracyScenario2/train2//rom_mesh512x2048_nThreads_18_dt_0.1_T_2000_snaps_true_mat_prem_fRank_14_nPod_436_417/fomReconstructedState_timestep_20000_f_13_sp
 sp_fom_minmax    = -0.3882001245748058 0.39643063846874643
 sp_approx_minmax = -0.3881137458157784 0.3964451038787863
 sp_err_minmax    = -0.00021943802226242508 0.00021562829843834838
 sp_err_abs_rel_ltwo_norms = 0.028264102287358116 0.001471464887805242
 sp_err_abs_rel_linf_norms = 0.00021943802226242508 0.0005535344672400365
