reading fom    state /home/fnrizzi/waveRuns/romAccuracyScenario1/train3/fom_mesh256x1024_nThreads_36_dt_0.1_T_2000_snaps_true_seismo_true_mat_bilayer_fRank_1_test_13/state_timestep_20000_sp
reading approx state /home/fnrizzi/waveRuns/romAccuracyScenario1/train3/rom_mesh256x1024_nThreads_18_dt_0.1_T_2000_snaps_true_mat_bilayer_fRank_1_nPod_2340_2340_test_13/fomReconstructedState_timestep_20000_sp
 sp_fom_minmax    = -0.008938410068311729 0.006394079050391816
 sp_approx_minmax = -0.008939446987538286 0.006393785373586123
 sp_err_minmax    = -8.209000656337556e-06 9.926056740498008e-06
 sp_err_abs_rel_ltwo_norms = 0.00024327229658567084 0.0006474994636508001
 sp_err_abs_rel_linf_norms = 9.926056740498008e-06 0.0011104946701525435
