reading fom    state /home/fnrizzi/waveRuns/romAccuracyScenario1/train3/fom_mesh256x1024_nThreads_36_dt_0.1_T_2000_snaps_true_seismo_true_mat_bilayer_fRank_1_test_13/state_timestep_20000_vp
reading approx state /home/fnrizzi/waveRuns/romAccuracyScenario1/train3/rom_mesh256x1024_nThreads_18_dt_0.1_T_2000_snaps_true_mat_bilayer_fRank_1_nPod_2340_2340_test_13/fomReconstructedState_timestep_20000_vp
 vp_fom_minmax    = -2.5007619759604187e-10 3.4131847806780713e-10
 vp_approx_minmax = -2.500793304843637e-10 3.4129303576580913e-10
 vp_err_minmax    = -3.494838243902134e-13 5.261857059458479e-13
 vp_err_abs_rel_ltwo_norms = 3.278469015876965e-12 0.00024100482803117096
 vp_err_abs_rel_linf_norms = 5.261857059458479e-13 0.0015416267789677494
