reading fom    state /home/fnrizzi/waveRuns/romAccuracyScenario1/train3/fom_mesh256x1024_nThreads_36_dt_0.1_T_2000_snaps_true_seismo_true_mat_bilayer_fRank_1_test_8/state_timestep_20000_vp
reading approx state /home/fnrizzi/waveRuns/romAccuracyScenario1/train3/rom_mesh256x1024_nThreads_18_dt_0.1_T_2000_snaps_true_mat_bilayer_fRank_1_nPod_2133_2133_test_8/fomReconstructedState_timestep_20000_vp
 vp_fom_minmax    = -3.316282419542549e-10 3.710817387922208e-10
 vp_approx_minmax = -3.326737799825271e-10 3.7244764555555533e-10
 vp_err_minmax    = -1.8173493070387503e-11 2.5629322738905868e-11
 vp_err_abs_rel_ltwo_norms = 2.444096131415718e-10 0.01733062696270766
 vp_err_abs_rel_linf_norms = 2.5629322738905868e-11 0.0690665157016968
