reading fom    state /home/fnrizzi/waveRuns/romAccuracyScenario1/train3_v2//fom_mesh256x1024_nThreads_36_dt_0.1_T_2000_snaps_true_seismo_true_mat_bilayer_fRank_1_test_5/state_timestep_20000_sp
reading approx state /home/fnrizzi/waveRuns/romAccuracyScenario1/train3_v2//rom_mesh256x1024_nThreads_18_dt_0.1_T_2000_snaps_true_mat_bilayer_fRank_1_nPod_2385_2385_test_5/fomReconstructedState_timestep_20000_sp
 sp_fom_minmax    = -0.009473877919240956 0.008082417909518549
 sp_approx_minmax = -0.009502023733732915 0.00811775050670112
 sp_err_minmax    = -0.0006438216681475267 0.00048089528695814947
 sp_err_abs_rel_ltwo_norms = 0.009738608576780564 0.025504520615511492
 sp_err_abs_rel_linf_norms = 0.0006438216681475267 0.06795756432959286
