reading fom    state /home/fnrizzi/waveRuns/romAccuracyScenario1/train3_v2//fom_mesh256x1024_nThreads_36_dt_0.1_T_2000_snaps_true_seismo_true_mat_bilayer_fRank_1_test_8/state_timestep_20000_sp
reading approx state /home/fnrizzi/waveRuns/romAccuracyScenario1/train3_v2//rom_mesh256x1024_nThreads_18_dt_0.1_T_2000_snaps_true_mat_bilayer_fRank_1_nPod_1914_1914_test_8/fomReconstructedState_timestep_20000_sp
 sp_fom_minmax    = -0.009476625053456955 0.007998136268528435
 sp_approx_minmax = -0.02755485029863542 0.01225275542631278
 sp_err_minmax    = -0.012242183268414773 0.02756334476004363
 sp_err_abs_rel_ltwo_norms = 0.049628322197817376 0.13004224681819682
 sp_err_abs_rel_linf_norms = 0.02756334476004363 2.9085612868041943
