reading fom    state /home/fnrizzi/waveRuns/romAccuracyScenario1/train3_v2//fom_mesh256x1024_nThreads_36_dt_0.1_T_2000_snaps_true_seismo_true_mat_bilayer_fRank_1_test_14/state_timestep_20000_vp
reading approx state /home/fnrizzi/waveRuns/romAccuracyScenario1/train3_v2//rom_mesh256x1024_nThreads_18_dt_0.1_T_2000_snaps_true_mat_bilayer_fRank_1_nPod_2329_2329_test_14/fomReconstructedState_timestep_20000_vp
 vp_fom_minmax    = -2.7194373141975074e-10 3.5796086798660353e-10
 vp_approx_minmax = -2.7191107463936334e-10 3.5799044468330965e-10
 vp_err_minmax    = -2.5579198319641523e-12 1.646193282176542e-12
 vp_err_abs_rel_ltwo_norms = 1.886288429537811e-11 0.0013705011468763484
 vp_err_abs_rel_linf_norms = 2.5579198319641523e-12 0.0071458085526261515
