reading fom    state /home/fnrizzi/waveRuns/romAccuracyScenario1/train3_v2//fom_mesh256x1024_nThreads_36_dt_0.1_T_2000_snaps_true_seismo_true_mat_bilayer_fRank_1_test_14/state_timestep_20000_sp
reading approx state /home/fnrizzi/waveRuns/romAccuracyScenario1/train3_v2//rom_mesh256x1024_nThreads_18_dt_0.1_T_2000_snaps_true_mat_bilayer_fRank_1_nPod_2329_2329_test_14/fomReconstructedState_timestep_20000_sp
 sp_fom_minmax    = -0.009317773022010752 0.006890094461210206
 sp_approx_minmax = -0.009317528325220916 0.006893234167585113
 sp_err_minmax    = -0.00019321751003232204 0.00038519020444462935
 sp_err_abs_rel_ltwo_norms = 0.0008908437525305237 0.002356375176682604
 sp_err_abs_rel_linf_norms = 0.00038519020444462935 0.04133929894350509
