reading fom    state /home/fnrizzi/waveRuns/romAccuracyScenario1/train3_v2//fom_mesh256x1024_nThreads_36_dt_0.1_T_2000_snaps_true_seismo_true_mat_bilayer_fRank_1_test_8/state_timestep_20000_vp
reading approx state /home/fnrizzi/waveRuns/romAccuracyScenario1/train3_v2//rom_mesh256x1024_nThreads_18_dt_0.1_T_2000_snaps_true_mat_bilayer_fRank_1_nPod_28_28_test_8/fomReconstructedState_timestep_20000_vp
 vp_fom_minmax    = -3.2162516863651766e-10 3.723770933164741e-10
 vp_approx_minmax = -9.58108915977793e-10 2.350021326362602e-09
 vp_err_minmax    = -2.3507865428340136e-09 9.582725054952716e-10
 vp_err_abs_rel_ltwo_norms = 3.728317113466101e-08 2.654064716985221
 vp_err_abs_rel_linf_norms = 2.3507865428340136e-09 6.31291930955629
