reading fom    state /home/fnrizzi/waveRuns/romAccuracyScenario1/train3/fom_mesh256x1024_nThreads_36_dt_0.1_T_2000_snaps_true_seismo_true_mat_bilayer_fRank_1_test_7/state_timestep_20000_vp
reading approx state /home/fnrizzi/waveRuns/romAccuracyScenario1/train3/rom_mesh256x1024_nThreads_18_dt_0.1_T_2000_snaps_true_mat_bilayer_fRank_1_nPod_1819_1819_test_7/fomReconstructedState_timestep_20000_vp
 vp_fom_minmax    = -3.2233503147477926e-10 3.724589498060381e-10
 vp_approx_minmax = -1.672206222397382e-08 1.3239785015464928e-08
 vp_err_minmax    = -1.3238869394420579e-08 1.6722435803658665e-08
 vp_err_abs_rel_ltwo_norms = 1.1374727347243248e-07 8.094917088272643
 vp_err_abs_rel_linf_norms = 1.6722435803658665e-08 44.89739288683236
