reading fom    state /home/fnrizzi/waveRuns/romAccuracyScenario1/train3_v2//fom_mesh256x1024_nThreads_36_dt_0.1_T_2000_snaps_true_seismo_true_mat_bilayer_fRank_1_test_6/state_timestep_20000_sp
reading approx state /home/fnrizzi/waveRuns/romAccuracyScenario1/train3_v2//rom_mesh256x1024_nThreads_18_dt_0.1_T_2000_snaps_true_mat_bilayer_fRank_1_nPod_2227_2227_test_6/fomReconstructedState_timestep_20000_sp
 sp_fom_minmax    = -0.00948057775187075 0.007412992481106251
 sp_approx_minmax = -0.009495691699534368 0.007430301754881432
 sp_err_minmax    = -0.0020665944394742965 0.0048505828591013985
 sp_err_abs_rel_ltwo_norms = 0.011728200882238318 0.030872746836190554
 sp_err_abs_rel_linf_norms = 0.0048505828591013985 0.5116336774037067
