reading fom    state /home/fnrizzi/waveRuns/romAccuracyScenario1/train3/fom_mesh256x1024_nThreads_36_dt_0.1_T_2000_snaps_true_seismo_true_mat_bilayer_fRank_1_test_13/state_timestep_20000_vp
reading approx state /home/fnrizzi/waveRuns/romAccuracyScenario1/train3/rom_mesh256x1024_nThreads_18_dt_0.1_T_2000_snaps_true_mat_bilayer_fRank_1_nPod_1819_1819_test_13/fomReconstructedState_timestep_20000_vp
 vp_fom_minmax    = -2.5007619759604187e-10 3.4131847806780713e-10
 vp_approx_minmax = -1.5980014171611197e-08 1.996280021239444e-08
 vp_err_minmax    = -1.9963064145764046e-08 1.597937271520009e-08
 vp_err_abs_rel_ltwo_norms = 1.3323608302619804e-07 9.794370214197786
 vp_err_abs_rel_linf_norms = 1.9963064145764046e-08 58.48808496620021
