reading fom    state /home/fnrizzi/waveRuns/romAccuracyScenario1/train3_v2//fom_mesh256x1024_nThreads_36_dt_0.1_T_2000_snaps_true_seismo_true_mat_bilayer_fRank_1_test_10/state_timestep_20000_vp
reading approx state /home/fnrizzi/waveRuns/romAccuracyScenario1/train3_v2//rom_mesh256x1024_nThreads_18_dt_0.1_T_2000_snaps_true_mat_bilayer_fRank_1_nPod_28_28_test_10/fomReconstructedState_timestep_20000_vp
 vp_fom_minmax    = -3.6123257051610133e-10 3.53189916651468e-10
 vp_approx_minmax = -2.251870468719915e-09 6.611110142458938e-10
 vp_err_minmax    = -6.611380277328705e-10 2.252164221620959e-09
 vp_err_abs_rel_ltwo_norms = 3.778554467136265e-08 2.6350157652502952
 vp_err_abs_rel_linf_norms = 2.252164221620959e-09 6.234665435631233
