reading fom    state /home/fnrizzi/waveRuns/romAccuracyScenario1/train3_v2//fom_mesh256x1024_nThreads_36_dt_0.1_T_2000_snaps_true_seismo_true_mat_bilayer_fRank_1_test_9/state_timestep_20000_vp
reading approx state /home/fnrizzi/waveRuns/romAccuracyScenario1/train3_v2//rom_mesh256x1024_nThreads_18_dt_0.1_T_2000_snaps_true_mat_bilayer_fRank_1_nPod_1914_1914_test_9/fomReconstructedState_timestep_20000_vp
 vp_fom_minmax    = -2.2241950298866584e-10 3.204729129877815e-10
 vp_approx_minmax = -2.235874707999359e-10 3.181707800970798e-10
 vp_err_minmax    = -4.2963092797011275e-11 4.232252773528088e-11
 vp_err_abs_rel_ltwo_norms = 3.533764199779503e-10 0.026505951410503683
 vp_err_abs_rel_linf_norms = 4.2963092797011275e-11 0.13406154172739493
