reading fom    state /home/fnrizzi/waveRuns/romAccuracyScenario1/train3_v2//fom_mesh256x1024_nThreads_36_dt_0.1_T_2000_snaps_true_seismo_true_mat_bilayer_fRank_1_test_9/state_timestep_20000_sp
reading approx state /home/fnrizzi/waveRuns/romAccuracyScenario1/train3_v2//rom_mesh256x1024_nThreads_18_dt_0.1_T_2000_snaps_true_mat_bilayer_fRank_1_nPod_1914_1914_test_9/fomReconstructedState_timestep_20000_sp
 sp_fom_minmax    = -0.008091522011671912 0.0057444553018969734
 sp_approx_minmax = -0.01563078407174505 0.03580511244694082
 sp_err_minmax    = -0.03582002326668682 0.01562496041955813
 sp_err_abs_rel_ltwo_norms = 0.06303895927882705 0.16980341308204513
 sp_err_abs_rel_linf_norms = 0.03582002326668682 4.426858533538797
