reading fom    state /home/fnrizzi/waveRuns/romAccuracyScenario1/train3/fom_mesh256x1024_nThreads_36_dt_0.1_T_2000_snaps_true_seismo_true_mat_bilayer_fRank_1_test_12/state_timestep_20000_sp
reading approx state /home/fnrizzi/waveRuns/romAccuracyScenario1/train3/rom_mesh256x1024_nThreads_18_dt_0.1_T_2000_snaps_true_mat_bilayer_fRank_1_nPod_2133_2133_test_12/fomReconstructedState_timestep_20000_sp
 sp_fom_minmax    = -0.009224853803041584 0.008569853232973768
 sp_approx_minmax = -0.009227048567080079 0.008567479557265797
 sp_err_minmax    = -0.0012350491225367208 0.0005303692794912858
 sp_err_abs_rel_ltwo_norms = 0.0023707707632137525 0.006183543039079827
 sp_err_abs_rel_linf_norms = 0.0012350491225367208 0.13388278545178733
