reading fom    state /home/fnrizzi/waveRuns/romAccuracyScenario1/train3/fom_mesh256x1024_nThreads_36_dt_0.1_T_2000_snaps_true_seismo_true_mat_bilayer_fRank_1_test_12/state_timestep_20000_vp
reading approx state /home/fnrizzi/waveRuns/romAccuracyScenario1/train3/rom_mesh256x1024_nThreads_18_dt_0.1_T_2000_snaps_true_mat_bilayer_fRank_1_nPod_2133_2133_test_12/fomReconstructedState_timestep_20000_vp
 vp_fom_minmax    = -3.483618281468883e-10 3.6712963356963777e-10
 vp_approx_minmax = -3.482738071080443e-10 3.6725102239420004e-10
 vp_err_minmax    = -8.797856762658978e-12 1.0809842008599498e-11
 vp_err_abs_rel_ltwo_norms = 4.388674982798471e-11 0.003088620491545542
 vp_err_abs_rel_linf_norms = 1.0809842008599498e-11 0.029444209947026977
