reading fom    state /home/fnrizzi/waveRuns/romAccuracyScenario1/train3/fom_mesh256x1024_nThreads_36_dt_0.1_T_2000_snaps_true_seismo_true_mat_bilayer_fRank_1_test_6/state_timestep_20000_sp
reading approx state /home/fnrizzi/waveRuns/romAccuracyScenario1/train3/rom_mesh256x1024_nThreads_18_dt_0.1_T_2000_snaps_true_mat_bilayer_fRank_1_nPod_104_104_test_6/fomReconstructedState_timestep_20000_sp
 sp_fom_minmax    = -0.009521278842316782 0.007851867327942496
 sp_approx_minmax = -0.024620132899069586 0.03260015950432758
 sp_err_minmax    = -0.03258656663968528 0.024620445647548575
 sp_err_abs_rel_ltwo_norms = 0.1396026255935304 0.36623927474975987
 sp_err_abs_rel_linf_norms = 0.03258656663968528 3.4224989289102785
