reading fom    state /home/fnrizzi/waveRuns/romAccuracyScenario1/train3_v2//fom_mesh256x1024_nThreads_36_dt_0.1_T_2000_snaps_true_seismo_true_mat_bilayer_fRank_1_test_2/state_timestep_20000_sp
reading approx state /home/fnrizzi/waveRuns/romAccuracyScenario1/train3_v2//rom_mesh256x1024_nThreads_18_dt_0.1_T_2000_snaps_true_mat_bilayer_fRank_1_nPod_2385_2385_test_2/fomReconstructedState_timestep_20000_sp
 sp_fom_minmax    = -0.0085811839429736 0.006066039159128929
 sp_approx_minmax = -0.008585962805828433 0.00608453410901495
 sp_err_minmax    = -0.00032042290462386616 0.000323084938896246
 sp_err_abs_rel_ltwo_norms = 0.012663760662568775 0.03388611519005219
 sp_err_abs_rel_linf_norms = 0.000323084938896246 0.03765039195562202
