reading fom    state /home/fnrizzi/waveRuns/romAccuracyScenario1/train3_v2//fom_mesh256x1024_nThreads_36_dt_0.1_T_2000_snaps_true_seismo_true_mat_bilayer_fRank_1_test_1/state_timestep_20000_sp
reading approx state /home/fnrizzi/waveRuns/romAccuracyScenario1/train3_v2//rom_mesh256x1024_nThreads_18_dt_0.1_T_2000_snaps_true_mat_bilayer_fRank_1_nPod_1914_1914_test_1/fomReconstructedState_timestep_20000_sp
 sp_fom_minmax    = -0.008585311102855478 0.006068857766502909
 sp_approx_minmax = -0.00975300921175535 0.023688707016496318
 sp_err_minmax    = -0.02369968357135711 0.009737713453116291
 sp_err_abs_rel_ltwo_norms = 0.04255150040458747 0.11385553758478228
 sp_err_abs_rel_linf_norms = 0.02369968357135711 2.7604921111681775
