reading fom    state /home/fnrizzi/waveRuns/romAccuracyScenario1/train3/fom_mesh256x1024_nThreads_36_dt_0.1_T_2000_snaps_true_seismo_true_mat_bilayer_fRank_1_test_3/state_timestep_20000_vp
reading approx state /home/fnrizzi/waveRuns/romAccuracyScenario1/train3/rom_mesh256x1024_nThreads_18_dt_0.1_T_2000_snaps_true_mat_bilayer_fRank_1_nPod_2133_2133_test_3/fomReconstructedState_timestep_20000_vp
 vp_fom_minmax    = -2.5237124345143444e-10 3.4328387696801826e-10
 vp_approx_minmax = -2.5265933095328874e-10 3.4365405633845544e-10
 vp_err_minmax    = -1.0362087777988535e-11 1.160662706195901e-11
 vp_err_abs_rel_ltwo_norms = 8.466547366918553e-11 0.006214895591305487
 vp_err_abs_rel_linf_norms = 1.160662706195901e-11 0.03381058022436728
