reading fom    state /home/fnrizzi/romAccuracyT4/fom_mesh512x2048_nThreads_36_dt_0.1_T_2000.0_snaps_true_seismo_true_mat_prem_fRank_1_test_0/finalFomState_sp_0
reading approx state /home/fnrizzi/romAccuracyT4/rom_mesh512x2048_nThreads_18_dt_0.1_T_2000.0_snaps_true_mat_prem_fRank_14_nPod_275_275/finalFomState_sp_0
 sp_fom_minmax    = -0.8303701152900599 0.9035025046754709
 sp_approx_minmax = -0.8998173452972442 0.8821675345267306
 sp_err_minmax    = -0.3252928016979201 0.6039127270108788
 sp_err_abs_rel_ltwo_norms = 10.032672449817735 0.3760680509651376
 sp_err_abs_rel_linf_norms = 0.6039127270108788 0.6684128974582071
