reading fom    state /home/fnrizzi/romAccuracyT4/fom_mesh512x2048_nThreads_36_dt_0.1_T_2000.0_snaps_true_seismo_true_mat_prem_fRank_1_test_13/finalFomState_sp_0
reading approx state /home/fnrizzi/romAccuracyT4/rom_mesh512x2048_nThreads_18_dt_0.1_T_2000.0_snaps_true_mat_prem_fRank_14_nPod_436_436/finalFomState_sp_13
 sp_fom_minmax    = -0.3882001245748058 0.39643063846874643
 sp_approx_minmax = -0.3881679165996675 0.3963966638211146
 sp_err_minmax    = -0.00018031958855574404 0.00018246418406842047
 sp_err_abs_rel_ltwo_norms = 0.007291686180747553 0.00037961439846132217
 sp_err_abs_rel_linf_norms = 0.00018246418406842047 0.00046026761395942273
