reading fom    state /home/fnrizzi/waveRuns/romAccuracyScenario2/train2//fom_mesh512x2048_nThreads_36_dt_0.1_T_2000_snaps_true_seismo_true_mat_prem_fRank_1_test_0/state_timestep_20000_sp
reading approx state /home/fnrizzi/waveRuns/romAccuracyScenario2/train2//rom_mesh512x2048_nThreads_18_dt_0.1_T_2000_snaps_true_mat_prem_fRank_14_nPod_342_313/fomReconstructedState_timestep_20000_f_0_sp
 sp_fom_minmax    = -0.8303701152900599 0.9035025046754709
 sp_approx_minmax = -0.8037127952774908 0.8911760675555843
 sp_err_minmax    = -0.12019978368125273 0.08788792242431517
 sp_err_abs_rel_ltwo_norms = 4.439800474799662 0.1664229665209826
 sp_err_abs_rel_linf_norms = 0.12019978368125273 0.13303757660796667
