reading fom    state /home/fnrizzi/waveRuns/romAccuracyScenario2/train2//fom_mesh512x2048_nThreads_36_dt_0.1_T_2000_snaps_true_seismo_true_mat_prem_fRank_1_test_4/state_timestep_20000_vp
reading approx state /home/fnrizzi/waveRuns/romAccuracyScenario2/train2//rom_mesh512x2048_nThreads_18_dt_0.1_T_2000_snaps_true_mat_prem_fRank_14_nPod_342_313/fomReconstructedState_timestep_20000_f_4_vp
 vp_fom_minmax    = -8.389318122707831e-08 7.931851793649922e-08
 vp_approx_minmax = -8.69066999096481e-08 8.240826347261288e-08
 vp_err_minmax    = -6.333077716201209e-09 4.685819860440524e-09
 vp_err_abs_rel_ltwo_norms = 2.5451735202032917e-07 0.13746712191112137
 vp_err_abs_rel_linf_norms = 6.333077716201209e-09 0.07548977906868398
