reading fom    state /home/fnrizzi/waveRuns/romAccuracyScenario2/train2//fom_mesh512x2048_nThreads_36_dt_0.1_T_2000_snaps_true_seismo_true_mat_prem_fRank_1_test_6/state_timestep_20000_vp
reading approx state /home/fnrizzi/waveRuns/romAccuracyScenario2/train2//rom_mesh512x2048_nThreads_18_dt_0.1_T_2000_snaps_true_mat_prem_fRank_14_nPod_342_313/fomReconstructedState_timestep_20000_f_6_vp
 vp_fom_minmax    = -8.643974753651675e-08 8.230998906129439e-08
 vp_approx_minmax = -8.936943116249492e-08 8.522056365139647e-08
 vp_err_minmax    = -5.900164460754001e-09 4.729558836201201e-09
 vp_err_abs_rel_ltwo_norms = 2.496360761679955e-07 0.13212029602730102
 vp_err_abs_rel_linf_norms = 5.900164460754001e-09 0.06825753925601712
