reading fom    state /home/fnrizzi/waveRuns/romAccuracyScenario2/train2//fom_mesh512x2048_nThreads_36_dt_0.1_T_2000_snaps_true_seismo_true_mat_prem_fRank_1_test_6/state_timestep_20000_sp
reading approx state /home/fnrizzi/waveRuns/romAccuracyScenario2/train2//rom_mesh512x2048_nThreads_18_dt_0.1_T_2000_snaps_true_mat_prem_fRank_14_nPod_342_313/fomReconstructedState_timestep_20000_f_6_sp
 sp_fom_minmax    = -1.2055459987463144 1.2320072712135786
 sp_approx_minmax = -1.1763263598387095 1.1735034433725902
 sp_err_minmax    = -0.1548175112651291 0.12376478254521522
 sp_err_abs_rel_ltwo_norms = 4.314883104542295 0.13339973779678116
 sp_err_abs_rel_linf_norms = 0.1548175112651291 0.12566282268174228
