reading fom    state /home/fnrizzi/waveRuns/romAccuracyScenario2/train2//fom_mesh512x2048_nThreads_36_dt_0.1_T_2000_snaps_true_seismo_true_mat_prem_fRank_1_test_2/state_timestep_20000_vp
reading approx state /home/fnrizzi/waveRuns/romAccuracyScenario2/train2//rom_mesh512x2048_nThreads_18_dt_0.1_T_2000_snaps_true_mat_prem_fRank_14_nPod_342_313/fomReconstructedState_timestep_20000_f_2_vp
 vp_fom_minmax    = -4.792533511328501e-08 3.748258399512784e-08
 vp_approx_minmax = -4.710647915680518e-08 3.9811679743885424e-08
 vp_err_minmax    = -9.98990613798985e-09 6.019575234504576e-09
 vp_err_abs_rel_ltwo_norms = 2.713220776224341e-07 0.210684068215269
 vp_err_abs_rel_linf_norms = 9.98990613798985e-09 0.20844728814886523
