reading fom    state /home/fnrizzi/waveRuns/romAccuracyScenario2/train2//fom_mesh512x2048_nThreads_36_dt_0.1_T_2000_snaps_true_seismo_true_mat_prem_fRank_1_test_3/state_timestep_20000_vp
reading approx state /home/fnrizzi/waveRuns/romAccuracyScenario2/train2//rom_mesh512x2048_nThreads_18_dt_0.1_T_2000_snaps_true_mat_prem_fRank_14_nPod_342_313/fomReconstructedState_timestep_20000_f_3_vp
 vp_fom_minmax    = -4.0715528577268895e-08 3.066340105088159e-08
 vp_approx_minmax = -4.0020103652495334e-08 2.8660791156566682e-08
 vp_err_minmax    = -1.2357426666527221e-08 4.643268340841487e-09
 vp_err_abs_rel_ltwo_norms = 3.1118904301190943e-07 0.2752785090578077
 vp_err_abs_rel_linf_norms = 1.2357426666527221e-08 0.30350647770851386
