reading fom    state /home/fnrizzi/waveRuns/romAccuracyScenario2/train2//fom_mesh512x2048_nThreads_36_dt_0.1_T_2000_snaps_true_seismo_true_mat_prem_fRank_1_test_8/state_timestep_20000_sp
reading approx state /home/fnrizzi/waveRuns/romAccuracyScenario2/train2//rom_mesh512x2048_nThreads_18_dt_0.1_T_2000_snaps_true_mat_prem_fRank_14_nPod_342_313/fomReconstructedState_timestep_20000_f_8_sp
 sp_fom_minmax    = -1.5470657008854076 1.472142316594941
 sp_approx_minmax = -1.5271517662959446 1.415482379492053
 sp_err_minmax    = -0.11072598558023505 0.09172684785052725
 sp_err_abs_rel_ltwo_norms = 3.4775725963671014 0.0906292518955061
 sp_err_abs_rel_linf_norms = 0.11072598558023505 0.0715716116754867
