reading fom    state /home/fnrizzi/waveRuns/romAccuracyScenario2/train2//fom_mesh512x2048_nThreads_36_dt_0.1_T_2000_snaps_true_seismo_true_mat_prem_fRank_1_test_13/state_timestep_20000_sp
reading approx state /home/fnrizzi/waveRuns/romAccuracyScenario2/train2//rom_mesh512x2048_nThreads_18_dt_0.1_T_2000_snaps_true_mat_prem_fRank_14_nPod_342_313/fomReconstructedState_timestep_20000_f_13_sp
 sp_fom_minmax    = -0.3882001245748058 0.39643063846874643
 sp_approx_minmax = -0.38319595672175905 0.4216158455470008
 sp_err_minmax    = -0.0808295310480413 0.061440429371883654
 sp_err_abs_rel_ltwo_norms = 5.823693992457408 0.3031888697578158
 sp_err_abs_rel_linf_norms = 0.0808295310480413 0.20389324942253093
