reading fom    state /home/fnrizzi/waveRuns/romAccuracyScenario2/train2//fom_mesh512x2048_nThreads_36_dt_0.1_T_2000_snaps_true_seismo_true_mat_prem_fRank_1_test_10/state_timestep_20000_sp
reading approx state /home/fnrizzi/waveRuns/romAccuracyScenario2/train2//rom_mesh512x2048_nThreads_18_dt_0.1_T_2000_snaps_true_mat_prem_fRank_14_nPod_342_313/fomReconstructedState_timestep_20000_f_10_sp
 sp_fom_minmax    = -2.0760992946412564 1.8039889154082287
 sp_approx_minmax = -2.692776491688607 1.8135747686516028
 sp_err_minmax    = -1.311080806028082 2.6927762571785783
 sp_err_abs_rel_ltwo_norms = 14.53910431148638 0.2502132870027928
 sp_err_abs_rel_linf_norms = 2.6927762571785783 1.2970363528030975
