reading fom    state /home/fnrizzi/waveRuns/romAccuracyScenario2/train2//fom_mesh512x2048_nThreads_36_dt_0.1_T_2000_snaps_true_seismo_true_mat_prem_fRank_1_test_3/state_timestep_20000_sp
reading approx state /home/fnrizzi/waveRuns/romAccuracyScenario2/train2//rom_mesh512x2048_nThreads_18_dt_0.1_T_2000_snaps_true_mat_prem_fRank_14_nPod_342_313/fomReconstructedState_timestep_20000_f_3_sp
 sp_fom_minmax    = -0.4049200801282478 0.4145446855028664
 sp_approx_minmax = -0.39922988859618436 0.44823031908379674
 sp_err_minmax    = -0.07802460361125424 0.05769851890240519
 sp_err_abs_rel_ltwo_norms = 5.596349166844449 0.2856006912158595
 sp_err_abs_rel_linf_norms = 0.07802460361125424 0.18821759472469402
