reading fom    state /home/fnrizzi/waveRuns/romAccuracyScenario2/train2//fom_mesh512x2048_nThreads_36_dt_0.1_T_2000_snaps_true_seismo_true_mat_prem_fRank_1_test_2/state_timestep_20000_sp
reading approx state /home/fnrizzi/waveRuns/romAccuracyScenario2/train2//rom_mesh512x2048_nThreads_18_dt_0.1_T_2000_snaps_true_mat_prem_fRank_14_nPod_342_313/fomReconstructedState_timestep_20000_f_2_sp
 sp_fom_minmax    = -0.5323036033585555 0.5901295879730385
 sp_approx_minmax = -0.5220766742172894 0.620242525633335
 sp_err_minmax    = -0.06289853624720221 0.04429301316641151
 sp_err_abs_rel_ltwo_norms = 4.642788243885598 0.20977773448054132
 sp_err_abs_rel_linf_norms = 0.06289853624720221 0.10658427831630073
