reading fom    state /home/fnrizzi/waveRuns/romAccuracyScenario2/train2//fom_mesh512x2048_nThreads_36_dt_0.1_T_2000_snaps_true_seismo_true_mat_prem_fRank_1_test_1/state_timestep_20000_sp
reading approx state /home/fnrizzi/waveRuns/romAccuracyScenario2/train2//rom_mesh512x2048_nThreads_18_dt_0.1_T_2000_snaps_true_mat_prem_fRank_14_nPod_342_313/fomReconstructedState_timestep_20000_f_1_sp
 sp_fom_minmax    = -0.5333560753871908 0.5913344063462482
 sp_approx_minmax = -0.5230303123003756 0.6213501873793433
 sp_err_minmax    = -0.06281177402904187 0.044218494321077245
 sp_err_abs_rel_ltwo_norms = 4.63927765934046 0.20945735748077743
 sp_err_abs_rel_linf_norms = 0.06281177402904187 0.106220394678444
