reading fom    state /home/fnrizzi/waveRuns/romAccuracyScenario2/train2//fom_mesh512x2048_nThreads_36_dt_0.1_T_2000_snaps_true_seismo_true_mat_prem_fRank_1_test_7/state_timestep_20000_vp
reading approx state /home/fnrizzi/waveRuns/romAccuracyScenario2/train2//rom_mesh512x2048_nThreads_18_dt_0.1_T_2000_snaps_true_mat_prem_fRank_14_nPod_342_313/fomReconstructedState_timestep_20000_f_7_vp
 vp_fom_minmax    = -9.530837765569947e-08 9.31448076279754e-08
 vp_approx_minmax = -9.777124294517887e-08 9.52592555870971e-08
 vp_err_minmax    = -5.255931883418576e-09 4.609725022290209e-09
 vp_err_abs_rel_ltwo_norms = 2.2432627057470753e-07 0.11030340773950162
 vp_err_abs_rel_linf_norms = 5.255931883418576e-09 0.05514658850248796
