reading fom    state /home/fnrizzi/waveRuns/romAccuracyScenario2/train2//fom_mesh512x2048_nThreads_36_dt_0.1_T_2000_snaps_true_seismo_true_mat_prem_fRank_1_test_12/state_timestep_20000_sp
reading approx state /home/fnrizzi/waveRuns/romAccuracyScenario2/train2//rom_mesh512x2048_nThreads_18_dt_0.1_T_2000_snaps_true_mat_prem_fRank_14_nPod_342_313/fomReconstructedState_timestep_20000_f_12_sp
 sp_fom_minmax    = -1.9181854392302928 1.7386659448612778
 sp_approx_minmax = -1.9190902071840943 1.7102140885488009
 sp_err_minmax    = -0.15736493741893912 0.26104916018725116
 sp_err_abs_rel_ltwo_norms = 2.362079584848129 0.0489064842635653
 sp_err_abs_rel_linf_norms = 0.26104916018725116 0.13609172233733666
