reading fom    state /home/fnrizzi/waveRuns/romAccuracyScenario2/train2//fom_mesh512x2048_nThreads_36_dt_0.1_T_2000_snaps_true_seismo_true_mat_prem_fRank_1_test_13/state_timestep_20000_vp
reading approx state /home/fnrizzi/waveRuns/romAccuracyScenario2/train2//rom_mesh512x2048_nThreads_18_dt_0.1_T_2000_snaps_true_mat_prem_fRank_14_nPod_342_313/fomReconstructedState_timestep_20000_f_13_vp
 vp_fom_minmax    = -3.959188791929077e-08 2.947016804189463e-08
 vp_approx_minmax = -3.896741124241261e-08 2.7396392034991654e-08
 vp_err_minmax    = -1.2797190659075128e-08 4.805875861174193e-09
 vp_err_abs_rel_ltwo_norms = 3.214608088233183e-07 0.2905897799382996
 vp_err_abs_rel_linf_norms = 1.2797190659075128e-08 0.3232275936212635
