reading fom    state /home/fnrizzi/waveRuns/romAccuracyScenario2/train2//fom_mesh512x2048_nThreads_36_dt_0.1_T_2000_snaps_true_seismo_true_mat_prem_fRank_1_test_10/state_timestep_20000_vp
reading approx state /home/fnrizzi/waveRuns/romAccuracyScenario2/train2//rom_mesh512x2048_nThreads_18_dt_0.1_T_2000_snaps_true_mat_prem_fRank_14_nPod_342_313/fomReconstructedState_timestep_20000_f_10_vp
 vp_fom_minmax    = -1.240122250486767e-07 1.404439212047895e-07
 vp_approx_minmax = -1.2502860102159366e-07 1.4053981206841196e-07
 vp_err_minmax    = -4.2451604998826706e-08 1.492736519233836e-08
 vp_err_abs_rel_ltwo_norms = 4.872065704834468e-07 0.1449957456651073
 vp_err_abs_rel_linf_norms = 4.2451604998826706e-08 0.30226730096011445
