reading fom    state /home/fnrizzi/waveRuns/romAccuracyScenario2/train2//fom_mesh512x2048_nThreads_36_dt_0.1_T_2000_snaps_true_seismo_true_mat_prem_fRank_1_test_8/state_timestep_20000_vp
reading approx state /home/fnrizzi/waveRuns/romAccuracyScenario2/train2//rom_mesh512x2048_nThreads_18_dt_0.1_T_2000_snaps_true_mat_prem_fRank_14_nPod_342_313/fomReconstructedState_timestep_20000_f_8_vp
 vp_fom_minmax    = -1.0545110907453144e-07 1.0641232331090344e-07
 vp_approx_minmax = -1.0698960532028815e-07 1.074024038146078e-07
 vp_err_minmax    = -6.005319797503492e-09 3.6863021100156255e-09
 vp_err_abs_rel_ltwo_norms = 1.770388643986484e-07 0.07927409098373113
 vp_err_abs_rel_linf_norms = 6.005319797503492e-09 0.05643443927032615
