reading fom    state /home/fnrizzi/waveRuns/romAccuracyScenario2/train2//fom_mesh512x2048_nThreads_36_dt_0.1_T_2000_snaps_true_seismo_true_mat_prem_fRank_1_test_9/state_timestep_20000_sp
reading approx state /home/fnrizzi/waveRuns/romAccuracyScenario2/train2//rom_mesh512x2048_nThreads_18_dt_0.1_T_2000_snaps_true_mat_prem_fRank_14_nPod_342_313/fomReconstructedState_timestep_20000_f_9_sp
 sp_fom_minmax    = -0.42112955016071196 0.43925576279258444
 sp_approx_minmax = -0.4138652572818174 0.4738995800370472
 sp_err_minmax    = -0.07552120211568944 0.055443777910560155
 sp_err_abs_rel_ltwo_norms = 5.401392240914495 0.2705892419499199
 sp_err_abs_rel_linf_norms = 0.07552120211568944 0.17192990624769647
