reading fom    state /home/fnrizzi/waveRuns/romAccuracyScenario2/train2//fom_mesh512x2048_nThreads_36_dt_0.1_T_2000_snaps_true_seismo_true_mat_prem_fRank_1_test_0/state_timestep_20000_vp
reading approx state /home/fnrizzi/waveRuns/romAccuracyScenario2/train2//rom_mesh512x2048_nThreads_18_dt_0.1_T_2000_snaps_true_mat_prem_fRank_14_nPod_342_313/fomReconstructedState_timestep_20000_f_0_vp
 vp_fom_minmax    = -6.211123254338066e-08 5.62863979675722e-08
 vp_approx_minmax = -6.476696978770952e-08 6.019866916808526e-08
 vp_err_minmax    = -8.205404468223423e-09 7.557769678876413e-09
 vp_err_abs_rel_ltwo_norms = 2.6668071529434776e-07 0.17085553790807612
 vp_err_abs_rel_linf_norms = 8.205404468223423e-09 0.1321082215280864
