reading fom    state /home/fnrizzi/waveRuns/romAccuracyScenario1/train3_v2//fom_mesh256x1024_nThreads_36_dt_0.1_T_2000_snaps_true_seismo_true_mat_bilayer_fRank_1_test_6/state_timestep_20000_vp
reading approx state /home/fnrizzi/waveRuns/romAccuracyScenario1/train3_v2//rom_mesh256x1024_nThreads_18_dt_0.1_T_2000_snaps_true_mat_bilayer_fRank_1_nPod_1117_1117_test_6/fomReconstructedState_timestep_20000_vp
 vp_fom_minmax    = -2.9530628690412415e-10 3.686647024980612e-10
 vp_approx_minmax = -2.946820662851975e-10 3.702239791170859e-10
 vp_err_minmax    = -1.9707128583809977e-10 9.085813776774024e-11
 vp_err_abs_rel_ltwo_norms = 5.560249900309877e-10 0.039995586544131
 vp_err_abs_rel_linf_norms = 1.9707128583809977e-10 0.534554256219135
