reading fom    state /home/fnrizzi/waveRuns/romAccuracyScenario1/train3_v2//fom_mesh256x1024_nThreads_36_dt_0.1_T_2000_snaps_true_seismo_true_mat_bilayer_fRank_1_test_3/state_timestep_20000_vp
reading approx state /home/fnrizzi/waveRuns/romAccuracyScenario1/train3_v2//rom_mesh256x1024_nThreads_18_dt_0.1_T_2000_snaps_true_mat_bilayer_fRank_1_nPod_2385_2385_test_3/fomReconstructedState_timestep_20000_vp
 vp_fom_minmax    = -2.19983787037272e-10 3.251192024404941e-10
 vp_approx_minmax = -2.1965823259777536e-10 3.2398366418287815e-10
 vp_err_minmax    = -4.447064119290811e-12 4.272366866371842e-12
 vp_err_abs_rel_ltwo_norms = 1.2546587045977779e-10 0.00943048464791261
 vp_err_abs_rel_linf_norms = 4.447064119290811e-12 0.01367825734656429
