reading fom    state /home/fnrizzi/waveRuns/romAccuracyScenario1/train3_v2//fom_mesh256x1024_nThreads_36_dt_0.1_T_2000_snaps_true_seismo_true_mat_bilayer_fRank_1_test_8/state_timestep_20000_sp
reading approx state /home/fnrizzi/waveRuns/romAccuracyScenario1/train3_v2//rom_mesh256x1024_nThreads_18_dt_0.1_T_2000_snaps_true_mat_bilayer_fRank_1_nPod_28_28_test_8/fomReconstructedState_timestep_20000_sp
 sp_fom_minmax    = -0.009476625053456955 0.007998136268528435
 sp_approx_minmax = -0.026875071752515405 0.043928045064608574
 sp_err_minmax    = -0.04393872832690475 0.026883566213923613
 sp_err_abs_rel_ltwo_norms = 0.9258202471006568 2.4259483244840085
 sp_err_abs_rel_linf_norms = 0.04393872832690475 4.636537594243686
