reading fom    state /home/fnrizzi/waveRuns/romAccuracyScenario1/train3_v2//fom_mesh256x1024_nThreads_36_dt_0.1_T_2000_snaps_true_seismo_true_mat_bilayer_fRank_1_test_4/state_timestep_20000_sp
reading approx state /home/fnrizzi/waveRuns/romAccuracyScenario1/train3_v2//rom_mesh256x1024_nThreads_18_dt_0.1_T_2000_snaps_true_mat_bilayer_fRank_1_nPod_28_28_test_4/fomReconstructedState_timestep_20000_sp
 sp_fom_minmax    = -0.009470906279489572 0.007348611935646899
 sp_approx_minmax = -0.03324675893034965 0.03285646923111416
 sp_err_minmax    = -0.03286096988854479 0.03325009147104846
 sp_err_abs_rel_ltwo_norms = 0.8157690950855268 2.1487695859827642
 sp_err_abs_rel_linf_norms = 0.03325009147104846 3.5107613241887607
