reading fom    state /home/fnrizzi/waveRuns/romAccuracyScenario1/train3/fom_mesh256x1024_nThreads_36_dt_0.1_T_2000_snaps_true_seismo_true_mat_bilayer_fRank_1_test_1/state_timestep_20000_sp
reading approx state /home/fnrizzi/waveRuns/romAccuracyScenario1/train3/rom_mesh256x1024_nThreads_18_dt_0.1_T_2000_snaps_true_mat_bilayer_fRank_1_nPod_1050_1050_test_1/fomReconstructedState_timestep_20000_sp
 sp_fom_minmax    = -0.00924720743857536 0.00679917119249987
 sp_approx_minmax = -0.009243847688364242 0.006829279583278861
 sp_err_minmax    = -0.0010960675848050788 0.0018265229764951722
 sp_err_abs_rel_ltwo_norms = 0.013872676601259225 0.036732181787889534
 sp_err_abs_rel_linf_norms = 0.0018265229764951722 0.19752157487845534
