reading fom    state /home/fnrizzi/waveRuns/romAccuracyScenario1/train3/fom_mesh256x1024_nThreads_36_dt_0.1_T_2000_snaps_true_seismo_true_mat_bilayer_fRank_1_test_1/state_timestep_20000_vp
reading approx state /home/fnrizzi/waveRuns/romAccuracyScenario1/train3/rom_mesh256x1024_nThreads_18_dt_0.1_T_2000_snaps_true_mat_bilayer_fRank_1_nPod_1050_1050_test_1/fomReconstructedState_timestep_20000_vp
 vp_fom_minmax    = -2.6789588453674096e-10 3.5561590732223824e-10
 vp_approx_minmax = -2.695448261885118e-10 3.547918238257574e-10
 vp_err_minmax    = -8.922844674113886e-11 5.659612195277556e-11
 vp_err_abs_rel_ltwo_norms = 5.183105178334608e-10 0.03773389421501969
 vp_err_abs_rel_linf_norms = 8.922844674113886e-11 0.25091241675048376
