reading fom    state /home/fnrizzi/waveRuns/romAccuracyScenario1/train3/fom_mesh256x1024_nThreads_36_dt_0.1_T_2000_snaps_true_seismo_true_mat_bilayer_fRank_1_test_1/state_timestep_20000_vp
reading approx state /home/fnrizzi/waveRuns/romAccuracyScenario1/train3/rom_mesh256x1024_nThreads_18_dt_0.1_T_2000_snaps_true_mat_bilayer_fRank_1_nPod_2255_2255_test_1/fomReconstructedState_timestep_20000_vp
 vp_fom_minmax    = -2.6789588453674096e-10 3.5561590732223824e-10
 vp_approx_minmax = -2.698521154655285e-10 3.5453740283133113e-10
 vp_err_minmax    = -2.1176475249858336e-11 9.086711677283e-12
 vp_err_abs_rel_ltwo_norms = 2.37311422817906e-10 0.01727667839359555
 vp_err_abs_rel_linf_norms = 2.1176475249858336e-11 0.05954872887806298
