reading fom    state /home/fnrizzi/waveRuns/romAccuracyScenario2/train2//fom_mesh512x2048_nThreads_36_dt_0.1_T_2000_snaps_true_seismo_true_mat_prem_fRank_1_test_7/state_timestep_20000_sp
reading approx state /home/fnrizzi/waveRuns/romAccuracyScenario2/train2//rom_mesh512x2048_nThreads_18_dt_0.1_T_2000_snaps_true_mat_prem_fRank_14_nPod_369_343/fomReconstructedState_timestep_20000_f_7_sp
 sp_fom_minmax    = -1.358115975068079 1.3459612899400317
 sp_approx_minmax = -1.3576025806608323 1.330194881130269
 sp_err_minmax    = -0.027265682168337246 0.023889235212743942
 sp_err_abs_rel_ltwo_norms = 1.0954396567605085 0.031416128298391736
 sp_err_abs_rel_linf_norms = 0.027265682168337246 0.02007610739353131
