reading fom    state /home/fnrizzi/waveRuns/romAccuracyScenario2/train2//fom_mesh512x2048_nThreads_36_dt_0.1_T_2000_snaps_true_seismo_true_mat_prem_fRank_1_test_10/state_timestep_20000_sp
reading approx state /home/fnrizzi/waveRuns/romAccuracyScenario2/train2//rom_mesh512x2048_nThreads_18_dt_0.1_T_2000_snaps_true_mat_prem_fRank_14_nPod_369_343/fomReconstructedState_timestep_20000_f_10_sp
 sp_fom_minmax    = -2.0760992946412564 1.8039889154082287
 sp_approx_minmax = -2.0888555033591434 1.8363629531257135
 sp_err_minmax    = -0.37629721059193916 0.7834039887457129
 sp_err_abs_rel_ltwo_norms = 5.156411012147306 0.08874016726515069
 sp_err_abs_rel_linf_norms = 0.7834039887457129 0.3773441813538512
