reading fom    state /home/fnrizzi/waveRuns/romAccuracyScenario2/train2//fom_mesh512x2048_nThreads_36_dt_0.1_T_2000_snaps_true_seismo_true_mat_prem_fRank_1_test_5/state_timestep_20000_sp
reading approx state /home/fnrizzi/waveRuns/romAccuracyScenario2/train2//rom_mesh512x2048_nThreads_18_dt_0.1_T_2000_snaps_true_mat_prem_fRank_14_nPod_369_343/fomReconstructedState_timestep_20000_f_5_sp
 sp_fom_minmax    = -1.5911772184743067 1.5017164637347515
 sp_approx_minmax = -1.585796746573368 1.479069054403088
 sp_err_minmax    = -0.036644167333460875 0.03190909516507723
 sp_err_abs_rel_ltwo_norms = 1.1982584633589017 0.030506754702212927
 sp_err_abs_rel_linf_norms = 0.036644167333460875 0.023029595263183177
