reading fom    state /home/fnrizzi/waveRuns/romAccuracyScenario2/train2//fom_mesh512x2048_nThreads_36_dt_0.1_T_2000_snaps_true_seismo_true_mat_prem_fRank_1_test_0/state_timestep_20000_vp
reading approx state /home/fnrizzi/waveRuns/romAccuracyScenario2/train2//rom_mesh512x2048_nThreads_18_dt_0.1_T_2000_snaps_true_mat_prem_fRank_14_nPod_369_343/fomReconstructedState_timestep_20000_f_0_vp
 vp_fom_minmax    = -6.211123254338066e-08 5.62863979675722e-08
 vp_approx_minmax = -6.226112306321732e-08 5.62275462495477e-08
 vp_err_minmax    = -1.67871066809838e-09 1.3792717290079521e-09
 vp_err_abs_rel_ltwo_norms = 6.20985010638687e-08 0.03978492704596926
 vp_err_abs_rel_linf_norms = 1.67871066809838e-09 0.027027489221469074
