reading fom    state /home/fnrizzi/waveRuns/romAccuracyScenario2/train2//fom_mesh512x2048_nThreads_36_dt_0.1_T_2000_snaps_true_seismo_true_mat_prem_fRank_1_test_8/state_timestep_20000_vp
reading approx state /home/fnrizzi/waveRuns/romAccuracyScenario2/train2//rom_mesh512x2048_nThreads_18_dt_0.1_T_2000_snaps_true_mat_prem_fRank_14_nPod_369_343/fomReconstructedState_timestep_20000_f_8_vp
 vp_fom_minmax    = -1.0545110907453144e-07 1.0641232331090344e-07
 vp_approx_minmax = -1.0472454777137533e-07 1.0629707270908038e-07
 vp_err_minmax    = -1.6530224080538346e-09 1.5291085089212331e-09
 vp_err_abs_rel_ltwo_norms = 6.749563145366941e-08 0.03022305213624847
 vp_err_abs_rel_linf_norms = 1.6530224080538346e-09 0.015534125716099832
