reading fom    state /home/fnrizzi/waveRuns/romAccuracyScenario2/train2//fom_mesh512x2048_nThreads_36_dt_0.1_T_2000_snaps_true_seismo_true_mat_prem_fRank_1_test_12/state_timestep_20000_sp
reading approx state /home/fnrizzi/waveRuns/romAccuracyScenario2/train2//rom_mesh512x2048_nThreads_18_dt_0.1_T_2000_snaps_true_mat_prem_fRank_14_nPod_369_343/fomReconstructedState_timestep_20000_f_12_sp
 sp_fom_minmax    = -1.9181854392302928 1.7386659448612778
 sp_approx_minmax = -1.9177109001434374 1.7363209982177834
 sp_err_minmax    = -0.05302671125797116 0.059761635450723445
 sp_err_abs_rel_ltwo_norms = 0.6217204577636573 0.012872623758741769
 sp_err_abs_rel_linf_norms = 0.059761635450723445 0.031155296160888333
