reading fom    state /home/fnrizzi/waveRuns/romAccuracyScenario2/train2//fom_mesh512x2048_nThreads_36_dt_0.1_T_2000_snaps_true_seismo_true_mat_prem_fRank_1_test_2/state_timestep_20000_vp
reading approx state /home/fnrizzi/waveRuns/romAccuracyScenario2/train2//rom_mesh512x2048_nThreads_18_dt_0.1_T_2000_snaps_true_mat_prem_fRank_14_nPod_369_343/fomReconstructedState_timestep_20000_f_2_vp
 vp_fom_minmax    = -4.792533511328501e-08 3.748258399512784e-08
 vp_approx_minmax = -4.838195883406959e-08 3.748718575015028e-08
 vp_err_minmax    = -2.330015168445315e-09 1.5225016153660435e-09
 vp_err_abs_rel_ltwo_norms = 7.176763410112419e-08 0.055728222528395904
 vp_err_abs_rel_linf_norms = 2.330015168445315e-09 0.04861760826372249
