reading fom    state /home/fnrizzi/waveRuns/romAccuracyScenario2/train2//fom_mesh512x2048_nThreads_36_dt_0.1_T_2000_snaps_true_seismo_true_mat_prem_fRank_1_test_11/state_timestep_20000_vp
reading approx state /home/fnrizzi/waveRuns/romAccuracyScenario2/train2//rom_mesh512x2048_nThreads_18_dt_0.1_T_2000_snaps_true_mat_prem_fRank_14_nPod_369_343/fomReconstructedState_timestep_20000_f_11_vp
 vp_fom_minmax    = -3.53420896070475e-08 2.7250806865745653e-08
 vp_approx_minmax = -3.513437607390447e-08 2.754359535530348e-08
 vp_err_minmax    = -3.6315689548313727e-09 1.6241409246234447e-09
 vp_err_abs_rel_ltwo_norms = 9.584089329162974e-08 0.09499341910329569
 vp_err_abs_rel_linf_norms = 3.6315689548313727e-09 0.10275478884268371
