reading fom    state /home/fnrizzi/waveRuns/romAccuracyScenario2/train2//fom_mesh512x2048_nThreads_36_dt_0.1_T_2000_snaps_true_seismo_true_mat_prem_fRank_1_test_6/state_timestep_20000_vp
reading approx state /home/fnrizzi/waveRuns/romAccuracyScenario2/train2//rom_mesh512x2048_nThreads_18_dt_0.1_T_2000_snaps_true_mat_prem_fRank_14_nPod_369_343/fomReconstructedState_timestep_20000_f_6_vp
 vp_fom_minmax    = -8.643974753651675e-08 8.230998906129439e-08
 vp_approx_minmax = -8.581200540645512e-08 8.221845365832157e-08
 vp_err_minmax    = -1.7184261800587693e-09 1.3033380958825782e-09
 vp_err_abs_rel_ltwo_norms = 5.075959968158809e-08 0.02686460001736921
 vp_err_abs_rel_linf_norms = 1.7184261800587693e-09 0.01988004626381879
