reading fom    state /home/fnrizzi/waveRuns/romAccuracyScenario2/train2//fom_mesh512x2048_nThreads_36_dt_0.1_T_2000_snaps_true_seismo_true_mat_prem_fRank_1_test_4/state_timestep_20000_sp
reading approx state /home/fnrizzi/waveRuns/romAccuracyScenario2/train2//rom_mesh512x2048_nThreads_18_dt_0.1_T_2000_snaps_true_mat_prem_fRank_14_nPod_369_343/fomReconstructedState_timestep_20000_f_4_sp
 sp_fom_minmax    = -1.1636066741885316 1.1986252626742355
 sp_approx_minmax = -1.1681064627761353 1.1902622082281749
 sp_err_minmax    = -0.014449523327289385 0.01566584837943044
 sp_err_abs_rel_ltwo_norms = 0.9413295365572948 0.029710351336003433
 sp_err_abs_rel_linf_norms = 0.01566584837943044 0.013069846654557066
