reading fom    state /home/fnrizzi/waveRuns/romAccuracyScenario2/train2//fom_mesh512x2048_nThreads_36_dt_0.1_T_2000_snaps_true_seismo_true_mat_prem_fRank_1_test_3/state_timestep_20000_sp
reading approx state /home/fnrizzi/waveRuns/romAccuracyScenario2/train2//rom_mesh512x2048_nThreads_18_dt_0.1_T_2000_snaps_true_mat_prem_fRank_14_nPod_369_343/fomReconstructedState_timestep_20000_f_3_sp
 sp_fom_minmax    = -0.4049200801282478 0.4145446855028664
 sp_approx_minmax = -0.4040687122875594 0.4106750713843043
 sp_err_minmax    = -0.014997249095172364 0.029731652825518956
 sp_err_abs_rel_ltwo_norms = 1.34502544855482 0.06864121346931235
 sp_err_abs_rel_linf_norms = 0.029731652825518956 0.07172122539564767
