reading fom    state /home/fnrizzi/waveRuns/romAccuracyScenario2/train2//fom_mesh512x2048_nThreads_36_dt_0.1_T_2000_snaps_true_seismo_true_mat_prem_fRank_1_test_0/state_timestep_20000_sp
reading approx state /home/fnrizzi/waveRuns/romAccuracyScenario2/train2//rom_mesh512x2048_nThreads_18_dt_0.1_T_2000_snaps_true_mat_prem_fRank_14_nPod_369_343/fomReconstructedState_timestep_20000_f_0_sp
 sp_fom_minmax    = -0.8303701152900599 0.9035025046754709
 sp_approx_minmax = -0.8394719626940863 0.9084233583747634
 sp_err_minmax    = -0.0225599529304491 0.02110178759602771
 sp_err_abs_rel_ltwo_norms = 1.0129335261598993 0.03796913921445906
 sp_err_abs_rel_linf_norms = 0.0225599529304491 0.02496944149430157
