reading fom    state /home/fnrizzi/waveRuns/romAccuracyScenario2/train2//fom_mesh512x2048_nThreads_36_dt_0.1_T_2000_snaps_true_seismo_true_mat_prem_fRank_1_test_2/state_timestep_20000_sp
reading approx state /home/fnrizzi/waveRuns/romAccuracyScenario2/train2//rom_mesh512x2048_nThreads_18_dt_0.1_T_2000_snaps_true_mat_prem_fRank_14_nPod_369_343/fomReconstructedState_timestep_20000_f_2_sp
 sp_fom_minmax    = -0.5323036033585555 0.5901295879730385
 sp_approx_minmax = -0.534839463383125 0.5951074562837041
 sp_err_minmax    = -0.02293819841006489 0.023530311716789837
 sp_err_abs_rel_ltwo_norms = 1.2100850484938026 0.05467595907181782
 sp_err_abs_rel_linf_norms = 0.023530311716789837 0.039873126507028955
