reading fom    state /home/fnrizzi/waveRuns/romAccuracyScenario2/train2//fom_mesh512x2048_nThreads_36_dt_0.1_T_2000_snaps_true_seismo_true_mat_prem_fRank_1_test_3/state_timestep_20000_vp
reading approx state /home/fnrizzi/waveRuns/romAccuracyScenario2/train2//rom_mesh512x2048_nThreads_18_dt_0.1_T_2000_snaps_true_mat_prem_fRank_14_nPod_369_343/fomReconstructedState_timestep_20000_f_3_vp
 vp_fom_minmax    = -4.0715528577268895e-08 3.066340105088159e-08
 vp_approx_minmax = -4.115937743153592e-08 3.022521004768778e-08
 vp_err_minmax    = -2.9559619239117144e-09 1.3334293796727208e-09
 vp_err_abs_rel_ltwo_norms = 7.377793862338221e-08 0.06526412610493437
 vp_err_abs_rel_linf_norms = 2.9559619239117144e-09 0.0726003573379126
