reading fom    state /home/fnrizzi/waveRuns/romAccuracyScenario2/train2//fom_mesh512x2048_nThreads_36_dt_0.1_T_2000_snaps_true_seismo_true_mat_prem_fRank_1_test_11/state_timestep_20000_sp
reading approx state /home/fnrizzi/waveRuns/romAccuracyScenario2/train2//rom_mesh512x2048_nThreads_18_dt_0.1_T_2000_snaps_true_mat_prem_fRank_14_nPod_369_343/fomReconstructedState_timestep_20000_f_11_sp
 sp_fom_minmax    = -0.3438349054478519 0.37960949010065237
 sp_approx_minmax = -0.3437643238990335 0.37306017677454223
 sp_err_minmax    = -0.02503618684904385 0.03627246744276528
 sp_err_abs_rel_ltwo_norms = 1.7735722577686772 0.10046574909492098
 sp_err_abs_rel_linf_norms = 0.03627246744276528 0.09555205649138998
