reading fom    state /home/fnrizzi/waveRuns/romAccuracyScenario2/train2//fom_mesh512x2048_nThreads_36_dt_0.1_T_2000_snaps_true_seismo_true_mat_prem_fRank_1_test_9/state_timestep_20000_vp
reading approx state /home/fnrizzi/waveRuns/romAccuracyScenario2/train2//rom_mesh512x2048_nThreads_18_dt_0.1_T_2000_snaps_true_mat_prem_fRank_14_nPod_369_343/fomReconstructedState_timestep_20000_f_9_vp
 vp_fom_minmax    = -4.178010993194785e-08 3.1759270330385817e-08
 vp_approx_minmax = -4.225961832974039e-08 3.1379173117716574e-08
 vp_err_minmax    = -2.8494032706468474e-09 1.2877972309830263e-09
 vp_err_abs_rel_ltwo_norms = 7.229586999874137e-08 0.06268265301720065
 vp_err_abs_rel_linf_norms = 2.8494032706468474e-09 0.06819999457368599
