reading fom    state /home/fnrizzi/waveRuns/romAccuracyScenario2/train2//fom_mesh512x2048_nThreads_36_dt_0.1_T_2000_snaps_true_seismo_true_mat_prem_fRank_1_test_9/state_timestep_20000_sp
reading approx state /home/fnrizzi/waveRuns/romAccuracyScenario2/train2//rom_mesh512x2048_nThreads_18_dt_0.1_T_2000_snaps_true_mat_prem_fRank_14_nPod_369_343/fomReconstructedState_timestep_20000_f_9_sp
 sp_fom_minmax    = -0.42112955016071196 0.43925576279258444
 sp_approx_minmax = -0.42076077842836845 0.4370564077526559
 sp_err_minmax    = -0.01452345846837856 0.02868777925504243
 sp_err_abs_rel_ltwo_norms = 1.306045304020356 0.06542791062092675
 sp_err_abs_rel_linf_norms = 0.02868777925504243 0.06530996673249961
