reading fom    state /home/fnrizzi/waveRuns/romAccuracyScenario2/train2//fom_mesh512x2048_nThreads_36_dt_0.1_T_2000_snaps_true_seismo_true_mat_prem_fRank_1_test_1/state_timestep_20000_vp
reading approx state /home/fnrizzi/waveRuns/romAccuracyScenario2/train2//rom_mesh512x2048_nThreads_18_dt_0.1_T_2000_snaps_true_mat_prem_fRank_14_nPod_369_343/fomReconstructedState_timestep_20000_f_1_vp
 vp_fom_minmax    = -4.797190215602297e-08 3.7522259867295666e-08
 vp_approx_minmax = -4.842718674242971e-08 3.752984048028204e-08
 vp_err_minmax    = -2.3265911069383743e-09 1.5214396160780084e-09
 vp_err_abs_rel_ltwo_norms = 7.177973747914596e-08 0.05569226774842829
 vp_err_abs_rel_linf_norms = 2.3265911069383743e-09 0.048499038027956666
