reading fom    state /home/fnrizzi/waveRuns/romAccuracyScenario2/train2//fom_mesh512x2048_nThreads_36_dt_0.1_T_2000_snaps_true_seismo_true_mat_prem_fRank_1_test_12/state_timestep_20000_vp
reading approx state /home/fnrizzi/waveRuns/romAccuracyScenario2/train2//rom_mesh512x2048_nThreads_18_dt_0.1_T_2000_snaps_true_mat_prem_fRank_14_nPod_369_343/fomReconstructedState_timestep_20000_f_12_vp
 vp_fom_minmax    = -1.203220505688684e-07 1.3162000284543027e-07
 vp_approx_minmax = -1.2010426555287948e-07 1.315647766905247e-07
 vp_err_minmax    = -2.918682179965641e-09 8.916315662741648e-09
 vp_err_abs_rel_ltwo_norms = 4.3295901085375936e-08 0.015469442678604112
 vp_err_abs_rel_linf_norms = 8.916315662741648e-09 0.06774286179899755
