reading fom    state /home/fnrizzi/waveRuns/romAccuracyScenario1/train3/fom_mesh256x1024_nThreads_36_dt_0.1_T_2000_snaps_true_seismo_true_mat_bilayer_fRank_1_test_5/state_timestep_20000_vp
reading approx state /home/fnrizzi/waveRuns/romAccuracyScenario1/train3/rom_mesh256x1024_nThreads_18_dt_0.1_T_2000_snaps_true_mat_bilayer_fRank_1_nPod_204_204_test_5/fomReconstructedState_timestep_20000_vp
 vp_fom_minmax    = -3.335238199830344e-10 3.7148689687324867e-10
 vp_approx_minmax = -3.3076592627284705e-10 3.737809146638634e-10
 vp_err_minmax    = -2.5834437635073135e-10 1.9040022392744738e-10
 vp_err_abs_rel_ltwo_norms = 8.940929038722793e-10 0.06334535270692865
 vp_err_abs_rel_linf_norms = 2.5834437635073135e-10 0.6954333477847496
