reading fom    state /home/fnrizzi/waveRuns/romAccuracyScenario1/train3_v2//fom_mesh256x1024_nThreads_36_dt_0.1_T_2000_snaps_true_seismo_true_mat_bilayer_fRank_1_test_13/state_timestep_20000_sp
reading approx state /home/fnrizzi/waveRuns/romAccuracyScenario1/train3_v2//rom_mesh256x1024_nThreads_18_dt_0.1_T_2000_snaps_true_mat_bilayer_fRank_1_nPod_117_117_test_13/fomReconstructedState_timestep_20000_sp
 sp_fom_minmax    = -0.007890712083200184 0.00563839536579213
 sp_approx_minmax = -0.032818253837266845 0.026922239900149386
 sp_err_minmax    = -0.02691755919768218 0.0328498501909879
 sp_err_abs_rel_ltwo_norms = 0.10713268150483567 0.2893662615616716
 sp_err_abs_rel_linf_norms = 0.0328498501909879 4.163103385932338
