reading fom    state /home/fnrizzi/waveRuns/romAccuracyScenario1/train3_v2//fom_mesh256x1024_nThreads_36_dt_0.1_T_2000_snaps_true_seismo_true_mat_bilayer_fRank_1_test_7/state_timestep_20000_vp
reading approx state /home/fnrizzi/waveRuns/romAccuracyScenario1/train3_v2//rom_mesh256x1024_nThreads_18_dt_0.1_T_2000_snaps_true_mat_bilayer_fRank_1_nPod_1914_1914_test_7/fomReconstructedState_timestep_20000_vp
 vp_fom_minmax    = -3.0716946780546993e-10 3.71225311503799e-10
 vp_approx_minmax = -3.082086888459938e-10 3.7060553732833733e-10
 vp_err_minmax    = -2.6365064392964705e-11 5.6396944138441097e-11
 vp_err_abs_rel_ltwo_norms = 4.695423542532153e-10 0.03361314178401732
 vp_err_abs_rel_linf_norms = 5.6396944138441097e-11 0.15192106354489232
