reading fom    state /home/fnrizzi/waveRuns/romAccuracyScenario1/train3/fom_mesh256x1024_nThreads_36_dt_0.1_T_2000_snaps_true_seismo_true_mat_bilayer_fRank_1_test_3/state_timestep_20000_sp
reading approx state /home/fnrizzi/waveRuns/romAccuracyScenario1/train3/rom_mesh256x1024_nThreads_18_dt_0.1_T_2000_snaps_true_mat_bilayer_fRank_1_nPod_104_104_test_3/fomReconstructedState_timestep_20000_sp
 sp_fom_minmax    = -0.009013667470569989 0.006445282925537698
 sp_approx_minmax = -0.012895350747607684 0.013715708160708431
 sp_err_minmax    = -0.013714603795822771 0.012897049604697362
 sp_err_abs_rel_ltwo_norms = 0.1096002297742244 0.2914810023696278
 sp_err_abs_rel_linf_norms = 0.013714603795822771 1.5215342523563844
