reading fom    state /home/fnrizzi/waveRuns/romAccuracyScenario1/train3_v2//fom_mesh256x1024_nThreads_36_dt_0.1_T_2000_snaps_true_seismo_true_mat_bilayer_fRank_1_test_12/state_timestep_20000_vp
reading approx state /home/fnrizzi/waveRuns/romAccuracyScenario1/train3_v2//rom_mesh256x1024_nThreads_18_dt_0.1_T_2000_snaps_true_mat_bilayer_fRank_1_nPod_1117_1117_test_12/fomReconstructedState_timestep_20000_vp
 vp_fom_minmax    = -3.483618281468883e-10 3.6712963356963777e-10
 vp_approx_minmax = -3.4886664743640523e-10 3.6757548595688707e-10
 vp_err_minmax    = -6.275002756793969e-11 6.881692429658171e-11
 vp_err_abs_rel_ltwo_norms = 5.878784854375291e-10 0.04137316032237352
 vp_err_abs_rel_linf_norms = 6.881692429658171e-11 0.18744584474826492
