reading fom    state /home/fnrizzi/waveRuns/romAccuracyScenario1/train3/fom_mesh256x1024_nThreads_36_dt_0.1_T_2000_snaps_true_seismo_true_mat_bilayer_fRank_1_test_12/state_timestep_20000_vp
reading approx state /home/fnrizzi/waveRuns/romAccuracyScenario1/train3/rom_mesh256x1024_nThreads_18_dt_0.1_T_2000_snaps_true_mat_bilayer_fRank_1_nPod_204_204_test_12/fomReconstructedState_timestep_20000_vp
 vp_fom_minmax    = -3.483618281468883e-10 3.6712963356963777e-10
 vp_approx_minmax = -3.4569600046721986e-10 3.7036131312189564e-10
 vp_err_minmax    = -1.7092326878295105e-10 2.8287002030560944e-10
 vp_err_abs_rel_ltwo_norms = 9.154229170914177e-10 0.06442477493186428
 vp_err_abs_rel_linf_norms = 2.8287002030560944e-10 0.7704908414916993
