reading fom    state /home/fnrizzi/waveRuns/romAccuracyScenario1/train3/fom_mesh256x1024_nThreads_36_dt_0.1_T_2000_snaps_true_seismo_true_mat_bilayer_fRank_1_test_2/state_timestep_20000_vp
reading approx state /home/fnrizzi/waveRuns/romAccuracyScenario1/train3/rom_mesh256x1024_nThreads_18_dt_0.1_T_2000_snaps_true_mat_bilayer_fRank_1_nPod_2340_2340_test_2/fomReconstructedState_timestep_20000_vp
 vp_fom_minmax    = -2.6781294098337526e-10 3.5554227693485403e-10
 vp_approx_minmax = -2.6925840279392087e-10 3.5421973741368397e-10
 vp_err_minmax    = -1.4050525371184871e-11 5.8587794874242596e-12
 vp_err_abs_rel_ltwo_norms = 2.343147797510496e-10 0.017059348712499638
 vp_err_abs_rel_linf_norms = 1.4050525371184871e-11 0.03951857847205987
