reading fom    state /home/fnrizzi/waveRuns/romAccuracyScenario1/train3/fom_mesh256x1024_nThreads_36_dt_0.1_T_2000_snaps_true_seismo_true_mat_bilayer_fRank_1_test_1/state_timestep_20000_sp
reading approx state /home/fnrizzi/waveRuns/romAccuracyScenario1/train3/rom_mesh256x1024_nThreads_18_dt_0.1_T_2000_snaps_true_mat_bilayer_fRank_1_nPod_2133_2133_test_1/fomReconstructedState_timestep_20000_sp
 sp_fom_minmax    = -0.00924720743857536 0.00679917119249987
 sp_approx_minmax = -0.00923393024766736 0.006847496658783965
 sp_err_minmax    = -0.000364862424075741 0.00017844056387807193
 sp_err_abs_rel_ltwo_norms = 0.006844025793832664 0.018121665115241506
 sp_err_abs_rel_linf_norms = 0.000364862424075741 0.039456498245480295
