reading fom    state /home/fnrizzi/waveRuns/romAccuracyScenario1/train3/fom_mesh256x1024_nThreads_36_dt_0.1_T_2000_snaps_true_seismo_true_mat_bilayer_fRank_1_test_1/state_timestep_20000_vp
reading approx state /home/fnrizzi/waveRuns/romAccuracyScenario1/train3/rom_mesh256x1024_nThreads_18_dt_0.1_T_2000_snaps_true_mat_bilayer_fRank_1_nPod_2133_2133_test_1/fomReconstructedState_timestep_20000_vp
 vp_fom_minmax    = -2.6789588453674096e-10 3.5561590732223824e-10
 vp_approx_minmax = -2.696421839112063e-10 3.56161252814294e-10
 vp_err_minmax    = -2.987026721763614e-11 3.26321970798347e-11
 vp_err_abs_rel_ltwo_norms = 2.6868112979058466e-10 0.019560446836904586
 vp_err_abs_rel_linf_norms = 3.26321970798347e-11 0.09176247858413522
