reading fom    state /home/fnrizzi/romAccuracyT4/fom_mesh512x2048_nThreads_36_dt_0.1_T_2000.0_snaps_true_seismo_true_mat_prem_fRank_1_test_0/finalFomState_vp_0
reading approx state /home/fnrizzi/romAccuracyT4/rom_mesh512x2048_nThreads_18_dt_0.1_T_2000.0_snaps_true_mat_prem_fRank_14_nPod_170_170/finalFomState_vp_0
 vp_fom_minmax    = -6.211123254338066e-08 5.62863979675722e-08
 vp_approx_minmax = -1.052749803303468e-07 6.971763720140868e-08
 vp_err_minmax    = -6.973039977570485e-08 1.0527535924815766e-07
 vp_err_abs_rel_ltwo_norms = 2.329871477544203e-06 1.4926892786871715
 vp_err_abs_rel_linf_norms = 1.0527535924815766e-07 1.6949488029339888
