reading fom    state /home/fnrizzi/waveRuns/romAccuracyScenario1/train3/fom_mesh256x1024_nThreads_36_dt_0.1_T_2000_snaps_true_seismo_true_mat_bilayer_fRank_1_test_3/state_timestep_20000_vp
reading approx state /home/fnrizzi/waveRuns/romAccuracyScenario1/train3/rom_mesh256x1024_nThreads_18_dt_0.1_T_2000_snaps_true_mat_bilayer_fRank_1_nPod_26_26_test_3/fomReconstructedState_timestep_20000_vp
 vp_fom_minmax    = -2.5237124345143444e-10 3.4328387696801826e-10
 vp_approx_minmax = -1.0990232634544918e-09 6.722560845442473e-10
 vp_err_minmax    = -6.740488089205137e-10 1.098233515808247e-09
 vp_err_abs_rel_ltwo_norms = 3.6094375777867283e-08 2.6495189499475327
 vp_err_abs_rel_linf_norms = 1.098233515808247e-09 3.199199232740438
