reading fom    state /home/fnrizzi/waveRuns/romAccuracyScenario1/train3/fom_mesh256x1024_nThreads_36_dt_0.1_T_2000_snaps_true_seismo_true_mat_bilayer_fRank_1_test_3/state_timestep_20000_sp
reading approx state /home/fnrizzi/waveRuns/romAccuracyScenario1/train3/rom_mesh256x1024_nThreads_18_dt_0.1_T_2000_snaps_true_mat_bilayer_fRank_1_nPod_26_26_test_3/fomReconstructedState_timestep_20000_sp
 sp_fom_minmax    = -0.009013667470569989 0.006445282925537698
 sp_approx_minmax = -0.06257290847160468 0.0487500836819515
 sp_err_minmax    = -0.04874254958456307 0.06257177146312368
 sp_err_abs_rel_ltwo_norms = 1.0687306404963586 2.842281252482141
 sp_err_abs_rel_linf_norms = 0.06257177146312368 6.9418770625190245
