reading fom    state /home/fnrizzi/waveRuns/romAccuracyScenario1/train3/fom_mesh256x1024_nThreads_36_dt_0.1_T_2000_snaps_true_seismo_true_mat_bilayer_fRank_1_test_10/state_timestep_20000_vp
reading approx state /home/fnrizzi/waveRuns/romAccuracyScenario1/train3/rom_mesh256x1024_nThreads_18_dt_0.1_T_2000_snaps_true_mat_bilayer_fRank_1_nPod_1819_1819_test_10/fomReconstructedState_timestep_20000_vp
 vp_fom_minmax    = -3.8750666631686675e-10 4.688368332535315e-10
 vp_approx_minmax = -3.3862160192438006e-07 3.892154954829245e-07
 vp_err_minmax    = -3.8921520166062624e-07 3.3862207141309214e-07
 vp_err_abs_rel_ltwo_norms = 2.8703030071861616e-06 185.58049089428346
 vp_err_abs_rel_linf_norms = 3.8921520166062624e-07 830.1719789369696
