reading fom    state /home/fnrizzi/waveRuns/romAccuracyScenario1/train3/fom_mesh256x1024_nThreads_36_dt_0.1_T_2000_snaps_true_seismo_true_mat_bilayer_fRank_1_test_0/state_timestep_20000_vp
reading approx state /home/fnrizzi/waveRuns/romAccuracyScenario1/train3/rom_mesh256x1024_nThreads_18_dt_0.1_T_2000_snaps_true_mat_bilayer_fRank_1_nPod_204_204_test_0/fomReconstructedState_timestep_20000_vp
 vp_fom_minmax    = -2.9149490631310344e-10 3.672894543694797e-10
 vp_approx_minmax = -2.907241786377434e-10 3.6949725499870886e-10
 vp_err_minmax    = -1.3262302689925659e-10 1.1790124518592346e-10
 vp_err_abs_rel_ltwo_norms = 8.35520425247347e-10 0.060184612723688975
 vp_err_abs_rel_linf_norms = 1.3262302689925659e-10 0.3610858556419175
