reading fom    state /home/fnrizzi/waveRuns/romAccuracyScenario1/train3_v2//fom_mesh256x1024_nThreads_36_dt_0.1_T_2000_snaps_true_seismo_true_mat_bilayer_fRank_1_test_14/state_timestep_20000_vp
reading approx state /home/fnrizzi/waveRuns/romAccuracyScenario1/train3_v2//rom_mesh256x1024_nThreads_18_dt_0.1_T_2000_snaps_true_mat_bilayer_fRank_1_nPod_1117_1117_test_14/fomReconstructedState_timestep_20000_vp
 vp_fom_minmax    = -2.7194373141975074e-10 3.5796086798660353e-10
 vp_approx_minmax = -2.723511473573864e-10 3.581506463632232e-10
 vp_err_minmax    = -3.0279324323842136e-11 3.259198238852073e-11
 vp_err_abs_rel_ltwo_norms = 2.8950792221144933e-10 0.02103447877893197
 vp_err_abs_rel_linf_norms = 3.259198238852073e-11 0.09104900927254558
