reading fom    state /home/fnrizzi/waveRuns/romAccuracyScenario1/train3/fom_mesh256x1024_nThreads_36_dt_0.1_T_2000_snaps_true_seismo_true_mat_bilayer_fRank_1_test_13/state_timestep_20000_sp
reading approx state /home/fnrizzi/waveRuns/romAccuracyScenario1/train3/rom_mesh256x1024_nThreads_18_dt_0.1_T_2000_snaps_true_mat_bilayer_fRank_1_nPod_104_104_test_13/fomReconstructedState_timestep_20000_sp
 sp_fom_minmax    = -0.008938410068311729 0.006394079050391816
 sp_approx_minmax = -0.01881747135143069 0.013174306287062723
 sp_err_minmax    = -0.013178300748755749 0.018819612985557576
 sp_err_abs_rel_ltwo_norms = 0.11641984288487102 0.30986588643363233
 sp_err_abs_rel_linf_norms = 0.018819612985557576 2.105476571529929
