reading fom    state /home/fnrizzi/waveRuns/romAccuracyScenario1/train3_v2//fom_mesh256x1024_nThreads_36_dt_0.1_T_2000_snaps_true_seismo_true_mat_bilayer_fRank_1_test_2/state_timestep_20000_vp
reading approx state /home/fnrizzi/waveRuns/romAccuracyScenario1/train3_v2//rom_mesh256x1024_nThreads_18_dt_0.1_T_2000_snaps_true_mat_bilayer_fRank_1_nPod_117_117_test_2/fomReconstructedState_timestep_20000_vp
 vp_fom_minmax    = -2.3594209813578896e-10 3.2485424311721286e-10
 vp_approx_minmax = -1.8585624944624688e-09 3.4604508660238283e-10
 vp_err_minmax    = -6.513333798087069e-11 1.8574507471232026e-09
 vp_err_abs_rel_ltwo_norms = 4.049736944545693e-09 0.3004686918345157
 vp_err_abs_rel_linf_norms = 1.8574507471232026e-09 5.717797401381035
