reading fom    state /home/fnrizzi/romAccuracyT4/fom_mesh512x2048_nThreads_36_dt_0.1_T_2000.0_snaps_true_seismo_true_mat_prem_fRank_1_test_5/finalFomState_sp_0
reading approx state /home/fnrizzi/romAccuracyT4/rom_mesh512x2048_nThreads_18_dt_0.1_T_2000.0_snaps_true_mat_prem_fRank_6_nPod_415_415/finalFomState_sp_5
 sp_fom_minmax    = -0.3882001245748058 0.39643063846874643
 sp_approx_minmax = -0.3881100409756566 0.3964378658304504
 sp_err_minmax    = -0.00030631495464713627 0.00018371372120803132
 sp_err_abs_rel_ltwo_norms = 0.012174127395636173 0.0006338004589786295
 sp_err_abs_rel_linf_norms = 0.00030631495464713627 0.0007726823431970567
