reading fom    state /home/fnrizzi/romAccuracyT4/fom_mesh512x2048_nThreads_36_dt_0.1_T_2000.0_snaps_true_seismo_true_mat_prem_fRank_1_test_2/finalFomState_sp_0
reading approx state /home/fnrizzi/romAccuracyT4/rom_mesh512x2048_nThreads_18_dt_0.1_T_2000.0_snaps_true_mat_prem_fRank_6_nPod_415_415/finalFomState_sp_2
 sp_fom_minmax    = -2.0760992946412564 1.8039889154082287
 sp_approx_minmax = -2.0762875015161013 1.8032506402757507
 sp_err_minmax    = -0.05812573623323617 0.026457511650701166
 sp_err_abs_rel_ltwo_norms = 0.5252245865380948 0.00903894541210181
 sp_err_abs_rel_linf_norms = 0.05812573623323617 0.02799757043570506
