reading fom    state /home/fnrizzi/romAccuracyT4/fom_mesh512x2048_nThreads_36_dt_0.1_T_2000.0_snaps_true_seismo_true_mat_prem_fRank_1_test_2/finalFomState_vp_0
reading approx state /home/fnrizzi/romAccuracyT4/rom_mesh512x2048_nThreads_18_dt_0.1_T_2000.0_snaps_true_mat_prem_fRank_6_nPod_415_415/finalFomState_vp_2
 vp_fom_minmax    = -1.240122250486767e-07 1.404439212047895e-07
 vp_approx_minmax = -1.2406983954214735e-07 1.404433600150835e-07
 vp_err_minmax    = -1.3374922111764307e-08 5.52077898610542e-09
 vp_err_abs_rel_ltwo_norms = 5.985179271573219e-08 0.017812270687564295
 vp_err_abs_rel_linf_norms = 1.3374922111764307e-08 0.09523318629263812
