reading fom    state /home/fnrizzi/waveRuns/romAccuracyScenario1/train3_v2//fom_mesh256x1024_nThreads_36_dt_0.1_T_2000_snaps_true_seismo_true_mat_bilayer_fRank_1_test_5/state_timestep_20000_sp
reading approx state /home/fnrizzi/waveRuns/romAccuracyScenario1/train3_v2//rom_mesh256x1024_nThreads_18_dt_0.1_T_2000_snaps_true_mat_bilayer_fRank_1_nPod_1914_1914_test_5/fomReconstructedState_timestep_20000_sp
 sp_fom_minmax    = -0.009473877919240956 0.008082417909518549
 sp_approx_minmax = -0.028048177202860566 0.01305048473654423
 sp_err_minmax    = -0.013058061159218154 0.028043779787000924
 sp_err_abs_rel_ltwo_norms = 0.05210695452331516 0.1364633238284176
 sp_err_abs_rel_linf_norms = 0.028043779787000924 2.9601162297062595
