reading fom    state /home/fnrizzi/waveRuns/romAccuracyScenario1/train3_v2//fom_mesh256x1024_nThreads_36_dt_0.1_T_2000_snaps_true_seismo_true_mat_bilayer_fRank_1_test_5/state_timestep_20000_vp
reading approx state /home/fnrizzi/waveRuns/romAccuracyScenario1/train3_v2//rom_mesh256x1024_nThreads_18_dt_0.1_T_2000_snaps_true_mat_bilayer_fRank_1_nPod_1914_1914_test_5/fomReconstructedState_timestep_20000_vp
 vp_fom_minmax    = -3.2456747360796656e-10 3.7239022130469186e-10
 vp_approx_minmax = -3.2611687904025973e-10 3.7199250774615347e-10
 vp_err_minmax    = -4.5598949598056117e-11 4.381911243494078e-11
 vp_err_abs_rel_ltwo_norms = 4.865291757090696e-10 0.034589794049025235
 vp_err_abs_rel_linf_norms = 4.5598949598056117e-11 0.12244937431036028
