reading fom    state /home/fnrizzi/waveRuns/romAccuracyScenario2/train2//fom_mesh512x2048_nThreads_36_dt_0.1_T_2000_snaps_true_seismo_true_mat_prem_fRank_1_test_6/state_timestep_20000_vp
reading approx state /home/fnrizzi/waveRuns/romAccuracyScenario2/train2//rom_mesh512x2048_nThreads_18_dt_0.1_T_2000_snaps_true_mat_prem_fRank_14_nPod_436_436/fomReconstructedState_timestep_20000_f_6_vp
 vp_fom_minmax    = -8.643974753651675e-08 8.230998906129439e-08
 vp_approx_minmax = -8.639589090351771e-08 8.231252591118767e-08
 vp_err_minmax    = -9.424147561330266e-11 1.32841003043559e-10
 vp_err_abs_rel_ltwo_norms = 3.4799811760553263e-09 0.0018417856513673655
 vp_err_abs_rel_linf_norms = 1.32841003043559e-10 0.0015368046162726225
