reading fom    state /home/fnrizzi/waveRuns/romAccuracyScenario2/train2//fom_mesh512x2048_nThreads_36_dt_0.1_T_2000_snaps_true_seismo_true_mat_prem_fRank_1_test_3/state_timestep_20000_vp
reading approx state /home/fnrizzi/waveRuns/romAccuracyScenario2/train2//rom_mesh512x2048_nThreads_18_dt_0.1_T_2000_snaps_true_mat_prem_fRank_14_nPod_436_436/fomReconstructedState_timestep_20000_f_3_vp
 vp_fom_minmax    = -4.0715528577268895e-08 3.066340105088159e-08
 vp_approx_minmax = -4.072184354916149e-08 3.06652513531624e-08
 vp_err_minmax    = -1.8808262516577035e-11 1.5463375472328305e-11
 vp_err_abs_rel_ltwo_norms = 8.223557211001661e-10 0.0007274576721229497
 vp_err_abs_rel_linf_norms = 1.8808262516577035e-11 0.0004619432234775779
