reading fom    state /home/fnrizzi/waveRuns/romAccuracyScenario2/train2//fom_mesh512x2048_nThreads_36_dt_0.1_T_2000_snaps_true_seismo_true_mat_prem_fRank_1_test_4/state_timestep_20000_vp
reading approx state /home/fnrizzi/waveRuns/romAccuracyScenario2/train2//rom_mesh512x2048_nThreads_18_dt_0.1_T_2000_snaps_true_mat_prem_fRank_14_nPod_436_436/fomReconstructedState_timestep_20000_f_4_vp
 vp_fom_minmax    = -8.389318122707831e-08 7.931851793649922e-08
 vp_approx_minmax = -8.385425748027578e-08 7.93223027043526e-08
 vp_err_minmax    = -9.281638921248016e-11 1.378400049415501e-10
 vp_err_abs_rel_ltwo_norms = 3.1993598421667067e-09 0.0017280031635153418
 vp_err_abs_rel_linf_norms = 1.378400049415501e-10 0.0016430418172896667
