reading fom    state /home/fnrizzi/waveRuns/romAccuracyScenario2/train2//fom_mesh512x2048_nThreads_36_dt_0.1_T_2000_snaps_true_seismo_true_mat_prem_fRank_1_test_0/state_timestep_20000_vp
reading approx state /home/fnrizzi/waveRuns/romAccuracyScenario2/train2//rom_mesh512x2048_nThreads_18_dt_0.1_T_2000_snaps_true_mat_prem_fRank_14_nPod_436_436/fomReconstructedState_timestep_20000_f_0_vp
 vp_fom_minmax    = -6.211123254338066e-08 5.62863979675722e-08
 vp_approx_minmax = -6.212743060780577e-08 5.6275122507387286e-08
 vp_err_minmax    = -1.3583715613844217e-10 1.3034533432240411e-10
 vp_err_abs_rel_ltwo_norms = 6.336812090051353e-09 0.004059834011893665
 vp_err_abs_rel_linf_norms = 1.3583715613844217e-10 0.0021869982380975732
