reading fom    state /home/fnrizzi/waveRuns/romAccuracyScenario2/train2//fom_mesh512x2048_nThreads_36_dt_0.1_T_2000_snaps_true_seismo_true_mat_prem_fRank_1_test_1/state_timestep_20000_sp
reading approx state /home/fnrizzi/waveRuns/romAccuracyScenario2/train2//rom_mesh512x2048_nThreads_18_dt_0.1_T_2000_snaps_true_mat_prem_fRank_14_nPod_436_436/fomReconstructedState_timestep_20000_f_1_sp
 sp_fom_minmax    = -0.5333560753871908 0.5913344063462482
 sp_approx_minmax = -0.5333332100479209 0.5910704445412123
 sp_err_minmax    = -0.0006040146734120344 0.0004782364709879361
 sp_err_abs_rel_ltwo_norms = 0.023443413983052892 0.0010584396761275654
 sp_err_abs_rel_linf_norms = 0.0006040146734120344 0.0010214434792389898
