reading fom    state /home/fnrizzi/waveRuns/romAccuracyScenario2/train2/fom_mesh512x2048_nThreads_36_dt_0.1_T_2000_snaps_true_seismo_true_mat_prem_fRank_1_test_8/state_timestep_20000_vp
reading approx state /home/fnrizzi/waveRuns/romAccuracyScenario2/train2/rom_mesh512x2048_nThreads_18_dt_0.1_T_2000_snaps_true_mat_prem_fRank_14_nPod_436_436/fomReconstructedState_timestep_20000_f_8_vp
 vp_fom_minmax    = -1.0545110907453144e-07 1.0641232331090344e-07
 vp_approx_minmax = -1.0540488845989181e-07 1.0639580124596257e-07
 vp_err_minmax    = -1.8141209271033984e-10 1.8668156837143728e-10
 vp_err_abs_rel_ltwo_norms = 8.460463123337956e-09 0.003788408413498136
 vp_err_abs_rel_linf_norms = 1.8668156837143728e-10 0.0017543228318210127
