reading fom    state /home/fnrizzi/waveRuns/romAccuracyScenario2/train2//fom_mesh512x2048_nThreads_36_dt_0.1_T_2000_snaps_true_seismo_true_mat_prem_fRank_1_test_7/state_timestep_20000_sp
reading approx state /home/fnrizzi/waveRuns/romAccuracyScenario2/train2//rom_mesh512x2048_nThreads_18_dt_0.1_T_2000_snaps_true_mat_prem_fRank_14_nPod_436_436/fomReconstructedState_timestep_20000_f_7_sp
 sp_fom_minmax    = -1.358115975068079 1.3459612899400317
 sp_approx_minmax = -1.35789532592057 1.3461211898834706
 sp_err_minmax    = -0.0013175853536910864 0.002493264241929083
 sp_err_abs_rel_ltwo_norms = 0.062405927633440224 0.001789740417934254
 sp_err_abs_rel_linf_norms = 0.002493264241929083 0.0018358257230602871
