reading fom    state /home/fnrizzi/waveRuns/romAccuracyScenario2/train2/fom_mesh512x2048_nThreads_36_dt_0.1_T_2000_snaps_true_seismo_true_mat_prem_fRank_1_test_9/state_timestep_20000_sp
reading approx state /home/fnrizzi/waveRuns/romAccuracyScenario2/train2/rom_mesh512x2048_nThreads_18_dt_0.1_T_2000_snaps_true_mat_prem_fRank_14_nPod_436_436/fomReconstructedState_timestep_20000_f_9_sp
 sp_fom_minmax    = -0.42112955016071196 0.43925576279258444
 sp_approx_minmax = -0.4211239693393528 0.4390227133560473
 sp_err_minmax    = -0.00044674937525267244 0.00040882170410826146
 sp_err_abs_rel_ltwo_norms = 0.01709765750511426 0.0008565277204613707
 sp_err_abs_rel_linf_norms = 0.00044674937525267244 0.0010170597931657107
