reading fom    state /home/fnrizzi/waveRuns/romAccuracyScenario2/train2//fom_mesh512x2048_nThreads_36_dt_0.1_T_2000_snaps_true_seismo_true_mat_prem_fRank_1_test_2/state_timestep_20000_sp
reading approx state /home/fnrizzi/waveRuns/romAccuracyScenario2/train2//rom_mesh512x2048_nThreads_18_dt_0.1_T_2000_snaps_true_mat_prem_fRank_14_nPod_436_436/fomReconstructedState_timestep_20000_f_2_sp
 sp_fom_minmax    = -0.5323036033585555 0.5901295879730385
 sp_approx_minmax = -0.5322783627867371 0.5898640604251707
 sp_err_minmax    = -0.0005960345982209958 0.00047281465390132393
 sp_err_abs_rel_ltwo_norms = 0.02341871530311814 0.001058141095968098
 sp_err_abs_rel_linf_norms = 0.0005960345982209958 0.0010100062941569151
