reading fom    state /home/fnrizzi/waveRuns/romAccuracyScenario2/train2//fom_mesh512x2048_nThreads_36_dt_0.1_T_2000_snaps_true_seismo_true_mat_prem_fRank_1_test_10/state_timestep_20000_vp
reading approx state /home/fnrizzi/waveRuns/romAccuracyScenario2/train2//rom_mesh512x2048_nThreads_18_dt_0.1_T_2000_snaps_true_mat_prem_fRank_14_nPod_436_436/fomReconstructedState_timestep_20000_f_10_vp
 vp_fom_minmax    = -1.240122250486767e-07 1.404439212047895e-07
 vp_approx_minmax = -1.2401146925902963e-07 1.4043942683493288e-07
 vp_err_minmax    = -1.5265700475676932e-09 3.960214772755193e-09
 vp_err_abs_rel_ltwo_norms = 2.2880576954768373e-08 0.0068094038910692985
 vp_err_abs_rel_linf_norms = 3.960214772755193e-09 0.028197836821862672
