reading fom    state /home/fnrizzi/waveRuns/romAccuracyScenario2/train2/fom_mesh512x2048_nThreads_36_dt_0.1_T_2000_snaps_true_seismo_true_mat_prem_fRank_1_test_11/state_timestep_20000_vp
reading approx state /home/fnrizzi/waveRuns/romAccuracyScenario2/train2/rom_mesh512x2048_nThreads_18_dt_0.1_T_2000_snaps_true_mat_prem_fRank_14_nPod_436_436/fomReconstructedState_timestep_20000_f_11_vp
 vp_fom_minmax    = -3.53420896070475e-08 2.7250806865745653e-08
 vp_approx_minmax = -3.5285551592465296e-08 2.7238732168048128e-08
 vp_err_minmax    = -1.30655010291249e-10 1.9668867456582e-10
 vp_err_abs_rel_ltwo_norms = 6.629985137200046e-09 0.006571359418262739
 vp_err_abs_rel_linf_norms = 1.9668867456582e-10 0.005565281418068689
