reading fom    state /home/fnrizzi/waveRuns/romAccuracyScenario2/train2/fom_mesh512x2048_nThreads_36_dt_0.1_T_2000_snaps_true_seismo_true_mat_prem_fRank_1_test_8/state_timestep_20000_sp
reading approx state /home/fnrizzi/waveRuns/romAccuracyScenario2/train2/rom_mesh512x2048_nThreads_18_dt_0.1_T_2000_snaps_true_mat_prem_fRank_14_nPod_436_436/fomReconstructedState_timestep_20000_f_8_sp
 sp_fom_minmax    = -1.5470657008854076 1.472142316594941
 sp_approx_minmax = -1.5465499069730118 1.472042535390625
 sp_err_minmax    = -0.0019168998694187867 0.0029769099892926754
 sp_err_abs_rel_ltwo_norms = 0.09252050149539516 0.002411182974090692
 sp_err_abs_rel_linf_norms = 0.0029769099892926754 0.0019242298420739
