reading fom    state /home/fnrizzi/waveRuns/romAccuracyScenario1/train3_v2//fom_mesh256x1024_nThreads_36_dt_0.1_T_2000_snaps_true_seismo_true_mat_bilayer_fRank_1_test_8/state_timestep_20000_vp
reading approx state /home/fnrizzi/waveRuns/romAccuracyScenario1/train3_v2//rom_mesh256x1024_nThreads_18_dt_0.1_T_2000_snaps_true_mat_bilayer_fRank_1_nPod_1117_1117_test_8/fomReconstructedState_timestep_20000_vp
 vp_fom_minmax    = -3.2162516863651766e-10 3.723770933164741e-10
 vp_approx_minmax = -3.23715153021247e-10 3.730755166911093e-10
 vp_err_minmax    = -1.705632368197014e-10 9.13751058028543e-11
 vp_err_abs_rel_ltwo_norms = 7.085446895164935e-10 0.05043893541299949
 vp_err_abs_rel_linf_norms = 1.705632368197014e-10 0.4580390144319214
