reading fom    state /home/fnrizzi/waveRuns/romAccuracyScenario1/train3_v2//fom_mesh256x1024_nThreads_36_dt_0.1_T_2000_snaps_true_seismo_true_mat_bilayer_fRank_1_test_4/state_timestep_20000_sp
reading approx state /home/fnrizzi/waveRuns/romAccuracyScenario1/train3_v2//rom_mesh256x1024_nThreads_18_dt_0.1_T_2000_snaps_true_mat_bilayer_fRank_1_nPod_1117_1117_test_4/fomReconstructedState_timestep_20000_sp
 sp_fom_minmax    = -0.009470906279489572 0.007348611935646899
 sp_approx_minmax = -0.009489568537003293 0.007338126967873164
 sp_err_minmax    = -0.002714059370530241 0.0025123607737415252
 sp_err_abs_rel_ltwo_norms = 0.012964028027203946 0.03414778679960097
 sp_err_abs_rel_linf_norms = 0.002714059370530241 0.2865680738925561
