reading fom    state /home/fnrizzi/waveRuns/romAccuracyScenario1/train3_v2//fom_mesh256x1024_nThreads_36_dt_0.1_T_2000_snaps_true_seismo_true_mat_bilayer_fRank_1_test_4/state_timestep_20000_sp
reading approx state /home/fnrizzi/waveRuns/romAccuracyScenario1/train3_v2//rom_mesh256x1024_nThreads_18_dt_0.1_T_2000_snaps_true_mat_bilayer_fRank_1_nPod_2227_2227_test_4/fomReconstructedState_timestep_20000_sp
 sp_fom_minmax    = -0.009470906279489572 0.007348611935646899
 sp_approx_minmax = -0.00949092547347655 0.007359618278621453
 sp_err_minmax    = -0.0017864042926340282 0.003683565278573866
 sp_err_abs_rel_ltwo_norms = 0.010128291376160468 0.026678339003248733
 sp_err_abs_rel_linf_norms = 0.003683565278573866 0.38893482522903705
