reading fom    state /home/fnrizzi/waveRuns/romAccuracyScenario1/train3_v2//fom_mesh256x1024_nThreads_36_dt_0.1_T_2000_snaps_true_seismo_true_mat_bilayer_fRank_1_test_8/state_timestep_20000_sp
reading approx state /home/fnrizzi/waveRuns/romAccuracyScenario1/train3_v2//rom_mesh256x1024_nThreads_18_dt_0.1_T_2000_snaps_true_mat_bilayer_fRank_1_nPod_1117_1117_test_8/fomReconstructedState_timestep_20000_sp
 sp_fom_minmax    = -0.009476625053456955 0.007998136268528435
 sp_approx_minmax = -0.009518299321602757 0.008013401511519103
 sp_err_minmax    = -0.002354565384080481 0.0019394669449372532
 sp_err_abs_rel_ltwo_norms = 0.017942251984806718 0.04701450014333009
 sp_err_abs_rel_linf_norms = 0.002354565384080481 0.24846032957920655
