reading fom    state /home/fnrizzi/waveRuns/romAccuracyScenario1/train3_v2//fom_mesh256x1024_nThreads_36_dt_0.1_T_2000_snaps_true_seismo_true_mat_bilayer_fRank_1_test_6/state_timestep_20000_sp
reading approx state /home/fnrizzi/waveRuns/romAccuracyScenario1/train3_v2//rom_mesh256x1024_nThreads_18_dt_0.1_T_2000_snaps_true_mat_bilayer_fRank_1_nPod_28_28_test_6/fomReconstructedState_timestep_20000_sp
 sp_fom_minmax    = -0.00948057775187075 0.007412992481106251
 sp_approx_minmax = -0.042839492811109325 0.04210975832288991
 sp_err_minmax    = -0.0421006017986118 0.04282610454757922
 sp_err_abs_rel_ltwo_norms = 0.8117424894200322 2.13679153551989
 sp_err_abs_rel_linf_norms = 0.04282610454757922 4.517246276381055
