reading fom    state /home/fnrizzi/waveRuns/romAccuracyScenario1/train3_v2//fom_mesh256x1024_nThreads_36_dt_0.1_T_2000_snaps_true_seismo_true_mat_bilayer_fRank_1_test_6/state_timestep_20000_vp
reading approx state /home/fnrizzi/waveRuns/romAccuracyScenario1/train3_v2//rom_mesh256x1024_nThreads_18_dt_0.1_T_2000_snaps_true_mat_bilayer_fRank_1_nPod_28_28_test_6/fomReconstructedState_timestep_20000_vp
 vp_fom_minmax    = -2.9530628690412415e-10 3.686647024980612e-10
 vp_approx_minmax = -8.471826619441593e-10 2.6765678426791308e-09
 vp_err_minmax    = -2.676534198246172e-09 8.461418267099956e-10
 vp_err_abs_rel_ltwo_norms = 4.143005833378742e-08 2.980116925185401
 vp_err_abs_rel_linf_norms = 2.676534198246172e-09 7.2600771923920435
