reading fom    state /home/fnrizzi/waveRuns/romAccuracyScenario2/train2//fom_mesh512x2048_nThreads_36_dt_0.1_T_2000_snaps_true_seismo_true_mat_prem_fRank_1_test_9/state_timestep_20000_sp
reading approx state /home/fnrizzi/waveRuns/romAccuracyScenario2/train2//rom_mesh512x2048_nThreads_18_dt_0.1_T_2000_snaps_true_mat_prem_fRank_14_nPod_342_342/fomReconstructedState_timestep_20000_f_9_sp
 sp_fom_minmax    = -0.42112955016071196 0.43925576279258444
 sp_approx_minmax = -0.4204271980301426 0.43660439842022375
 sp_err_minmax    = -0.016399441428843593 0.008639405277911941
 sp_err_abs_rel_ltwo_norms = 0.5934708537295856 0.029730636337358805
 sp_err_abs_rel_linf_norms = 0.016399441428843593 0.03733460734717184
