reading fom    state /home/fnrizzi/waveRuns/romAccuracyScenario2/train2/fom_mesh512x2048_nThreads_36_dt_0.1_T_2000_snaps_true_seismo_true_mat_prem_fRank_1_test_13/state_timestep_20000_vp
reading approx state /home/fnrizzi/waveRuns/romAccuracyScenario2/train2/rom_mesh512x2048_nThreads_18_dt_0.1_T_2000_snaps_true_mat_prem_fRank_14_nPod_342_342/fomReconstructedState_timestep_20000_f_13_vp
 vp_fom_minmax    = -3.959188791929077e-08 2.947016804189463e-08
 vp_approx_minmax = -3.982355048915749e-08 2.922906328656244e-08
 vp_err_minmax    = -5.129788347150258e-10 1.8822361989567444e-09
 vp_err_abs_rel_ltwo_norms = 3.427108556250014e-08 0.03097991088962616
 vp_err_abs_rel_linf_norms = 1.8822361989567444e-09 0.047540955935057666
