reading fom    state /home/fnrizzi/waveRuns/romAccuracyScenario2/train2//fom_mesh512x2048_nThreads_36_dt_0.1_T_2000_snaps_true_seismo_true_mat_prem_fRank_1_test_5/state_timestep_20000_vp
reading approx state /home/fnrizzi/waveRuns/romAccuracyScenario2/train2//rom_mesh512x2048_nThreads_18_dt_0.1_T_2000_snaps_true_mat_prem_fRank_14_nPod_342_342/fomReconstructedState_timestep_20000_f_5_vp
 vp_fom_minmax    = -1.0764616464143212e-07 1.0947607022853834e-07
 vp_approx_minmax = -1.0649521868538878e-07 1.0910620369305441e-07
 vp_err_minmax    = -3.083445914058981e-09 2.236952309510644e-09
 vp_err_abs_rel_ltwo_norms = 7.435677055537298e-08 0.03254311275920706
 vp_err_abs_rel_linf_norms = 3.083445914058981e-09 0.028165478607535776
