reading fom    state /home/fnrizzi/waveRuns/romAccuracyScenario2/train2//fom_mesh512x2048_nThreads_36_dt_0.1_T_2000_snaps_true_seismo_true_mat_prem_fRank_1_test_12/state_timestep_20000_sp
reading approx state /home/fnrizzi/waveRuns/romAccuracyScenario2/train2//rom_mesh512x2048_nThreads_18_dt_0.1_T_2000_snaps_true_mat_prem_fRank_14_nPod_342_342/fomReconstructedState_timestep_20000_f_12_sp
 sp_fom_minmax    = -1.9181854392302928 1.7386659448612778
 sp_approx_minmax = -1.9177232563315438 1.7347646873540512
 sp_err_minmax    = -0.028813901691059532 0.056705605457013496
 sp_err_abs_rel_ltwo_norms = 0.8675580307378513 0.017962651830267788
 sp_err_abs_rel_linf_norms = 0.056705605457013496 0.029562108176448082
