reading fom    state /home/fnrizzi/waveRuns/romAccuracyScenario2/train2//fom_mesh512x2048_nThreads_36_dt_0.1_T_2000_snaps_true_seismo_true_mat_prem_fRank_1_test_0/state_timestep_20000_vp
reading approx state /home/fnrizzi/waveRuns/romAccuracyScenario2/train2//rom_mesh512x2048_nThreads_18_dt_0.1_T_2000_snaps_true_mat_prem_fRank_14_nPod_342_342/fomReconstructedState_timestep_20000_f_0_vp
 vp_fom_minmax    = -6.211123254338066e-08 5.62863979675722e-08
 vp_approx_minmax = -6.256579505696804e-08 5.623889672712997e-08
 vp_err_minmax    = -1.421226259261367e-09 2.1030202090474324e-09
 vp_err_abs_rel_ltwo_norms = 6.867181248731109e-08 0.04399628015356067
 vp_err_abs_rel_linf_norms = 2.1030202090474324e-09 0.03385893537982215
