reading fom    state /home/fnrizzi/waveRuns/romAccuracyScenario2/train2//fom_mesh512x2048_nThreads_36_dt_0.1_T_2000_snaps_true_seismo_true_mat_prem_fRank_1_test_7/state_timestep_20000_vp
reading approx state /home/fnrizzi/waveRuns/romAccuracyScenario2/train2//rom_mesh512x2048_nThreads_18_dt_0.1_T_2000_snaps_true_mat_prem_fRank_14_nPod_342_342/fomReconstructedState_timestep_20000_f_7_vp
 vp_fom_minmax    = -9.530837765569947e-08 9.31448076279754e-08
 vp_approx_minmax = -9.435728264258098e-08 9.288560568535421e-08
 vp_err_minmax    = -2.032064915537635e-09 2.0908189583769504e-09
 vp_err_abs_rel_ltwo_norms = 5.796266695250253e-08 0.028500806749700753
 vp_err_abs_rel_linf_norms = 2.0908189583769504e-09 0.021937410013734705
