reading fom    state /home/fnrizzi/waveRuns/romAccuracyScenario2/train2//fom_mesh512x2048_nThreads_36_dt_0.1_T_2000_snaps_true_seismo_true_mat_prem_fRank_1_test_6/state_timestep_20000_vp
reading approx state /home/fnrizzi/waveRuns/romAccuracyScenario2/train2//rom_mesh512x2048_nThreads_18_dt_0.1_T_2000_snaps_true_mat_prem_fRank_14_nPod_342_342/fomReconstructedState_timestep_20000_f_6_vp
 vp_fom_minmax    = -8.643974753651675e-08 8.230998906129439e-08
 vp_approx_minmax = -8.58198401465267e-08 8.215009515383715e-08
 vp_err_minmax    = -1.7186296059585147e-09 2.040097985416108e-09
 vp_err_abs_rel_ltwo_norms = 4.8481475781284276e-08 0.025658899268041387
 vp_err_abs_rel_linf_norms = 2.040097985416108e-09 0.023601387597230798
