reading fom    state /home/fnrizzi/waveRuns/romAccuracyScenario2/train2//fom_mesh512x2048_nThreads_36_dt_0.1_T_2000_snaps_true_seismo_true_mat_prem_fRank_1_test_6/state_timestep_20000_sp
reading approx state /home/fnrizzi/waveRuns/romAccuracyScenario2/train2//rom_mesh512x2048_nThreads_18_dt_0.1_T_2000_snaps_true_mat_prem_fRank_14_nPod_342_342/fomReconstructedState_timestep_20000_f_6_sp
 sp_fom_minmax    = -1.2055459987463144 1.2320072712135786
 sp_approx_minmax = -1.2093719660091773 1.2197038868822792
 sp_err_minmax    = -0.015221972282785023 0.02825117294180979
 sp_err_abs_rel_ltwo_norms = 0.8959698765316663 0.027699973257054686
 sp_err_abs_rel_linf_norms = 0.02825117294180979 0.022931011530460538
