reading fom    state /home/fnrizzi/waveRuns/romAccuracyScenario2/train2//fom_mesh512x2048_nThreads_36_dt_0.1_T_2000_snaps_true_seismo_true_mat_prem_fRank_1_test_9/state_timestep_20000_vp
reading approx state /home/fnrizzi/waveRuns/romAccuracyScenario2/train2//rom_mesh512x2048_nThreads_18_dt_0.1_T_2000_snaps_true_mat_prem_fRank_14_nPod_342_342/fomReconstructedState_timestep_20000_f_9_vp
 vp_fom_minmax    = -4.178010993194785e-08 3.1759270330385817e-08
 vp_approx_minmax = -4.203895931211378e-08 3.165081016129875e-08
 vp_err_minmax    = -7.171216356976922e-10 1.9370582669985787e-09
 vp_err_abs_rel_ltwo_norms = 3.356326108811814e-08 0.02910033794390812
 vp_err_abs_rel_linf_norms = 1.9370582669985787e-09 0.0463631682672375
