reading fom    state /home/fnrizzi/waveRuns/romAccuracyScenario2/train2//fom_mesh512x2048_nThreads_36_dt_0.1_T_2000_snaps_true_seismo_true_mat_prem_fRank_1_test_1/state_timestep_20000_vp
reading approx state /home/fnrizzi/waveRuns/romAccuracyScenario2/train2//rom_mesh512x2048_nThreads_18_dt_0.1_T_2000_snaps_true_mat_prem_fRank_14_nPod_342_342/fomReconstructedState_timestep_20000_f_1_vp
 vp_fom_minmax    = -4.797190215602297e-08 3.7522259867295666e-08
 vp_approx_minmax = -4.807352775494185e-08 3.780469528369306e-08
 vp_err_minmax    = -1.03421334962808e-09 2.0825469424684054e-09
 vp_err_abs_rel_ltwo_norms = 5.619998188536394e-08 0.04360428929578955
 vp_err_abs_rel_linf_norms = 2.0825469424684054e-09 0.043411806679984594
