reading fom    state /home/fnrizzi/waveRuns/romAccuracyScenario2/train2//fom_mesh512x2048_nThreads_36_dt_0.1_T_2000_snaps_true_seismo_true_mat_prem_fRank_1_test_11/state_timestep_20000_sp
reading approx state /home/fnrizzi/waveRuns/romAccuracyScenario2/train2//rom_mesh512x2048_nThreads_18_dt_0.1_T_2000_snaps_true_mat_prem_fRank_14_nPod_342_342/fomReconstructedState_timestep_20000_f_11_sp
 sp_fom_minmax    = -0.3438349054478519 0.37960949010065237
 sp_approx_minmax = -0.3433405779260391 0.37395958690591596
 sp_err_minmax    = -0.023018392956240197 0.018163766909039036
 sp_err_abs_rel_ltwo_norms = 0.9267792409691955 0.052498323810462176
 sp_err_abs_rel_linf_norms = 0.023018392956240197 0.060637032414908636
