reading fom    state /home/fnrizzi/waveRuns/romAccuracyScenario2/train2//fom_mesh512x2048_nThreads_36_dt_0.1_T_2000_snaps_true_seismo_true_mat_prem_fRank_1_test_10/state_timestep_20000_vp
reading approx state /home/fnrizzi/waveRuns/romAccuracyScenario2/train2//rom_mesh512x2048_nThreads_18_dt_0.1_T_2000_snaps_true_mat_prem_fRank_14_nPod_342_342/fomReconstructedState_timestep_20000_f_10_vp
 vp_fom_minmax    = -1.240122250486767e-07 1.404439212047895e-07
 vp_approx_minmax = -1.3566045368163744e-07 1.4122932687304924e-07
 vp_err_minmax    = -6.336505182395262e-08 1.3566398068103132e-07
 vp_err_abs_rel_ltwo_norms = 6.458210054431008e-07 0.19220040106908465
 vp_err_abs_rel_linf_norms = 1.3566398068103132e-07 0.9659654865603741
