reading fom    state /home/fnrizzi/waveRuns/romAccuracyScenario1/train3/fom_mesh256x1024_nThreads_36_dt_0.1_T_2000_snaps_true_seismo_true_mat_bilayer_fRank_1_test_1/state_timestep_20000_sp
reading approx state /home/fnrizzi/waveRuns/romAccuracyScenario1/train3/rom_mesh256x1024_nThreads_18_dt_0.1_T_2000_snaps_true_mat_bilayer_fRank_1_nPod_1819_1819_test_1/fomReconstructedState_timestep_20000_sp
 sp_fom_minmax    = -0.00924720743857536 0.00679917119249987
 sp_approx_minmax = -4.773951470577313 10.661203463282895
 sp_err_minmax    = -10.661206650021251 4.773932610345694
 sp_err_abs_rel_ltwo_norms = 17.208478276015143 45.564743596067096
 sp_err_abs_rel_linf_norms = 10.661206650021251 1152.9109432051125
