reading fom    state /home/fnrizzi/waveRuns/romAccuracyScenario1/train3/fom_mesh256x1024_nThreads_36_dt_0.1_T_2000_snaps_true_seismo_true_mat_bilayer_fRank_1_test_1/state_timestep_20000_vp
reading approx state /home/fnrizzi/waveRuns/romAccuracyScenario1/train3/rom_mesh256x1024_nThreads_18_dt_0.1_T_2000_snaps_true_mat_bilayer_fRank_1_nPod_1819_1819_test_1/fomReconstructedState_timestep_20000_vp
 vp_fom_minmax    = -2.6789588453674096e-10 3.5561590732223824e-10
 vp_approx_minmax = -1.1090474393940638e-08 1.3859506244918464e-08
 vp_err_minmax    = -1.3859211830195063e-08 1.1090012533316255e-08
 vp_err_abs_rel_ltwo_norms = 9.307685847067692e-08 6.776154854197609
 vp_err_abs_rel_linf_norms = 1.3859211830195063e-08 38.97241811974586
